UID,IDLAMB,YR,LBRD,ETAG,SEX,LINE,STM,PEN,TB,TR,TBRE,TBR17,AGE,ADAM,CADAM,BAND,DAYBN,WNAGE,TIM,BRWT,WNWT,ADG,F,N,T,C,L,LOT,SIGR,THGR,JAW,CLR,H,IDX,MENB,MELW,CAUSE,ABN,DAYDIS,TRT,SIRE,SBRD,DAM,DBRD,TM,WT120,AADG,LNDAM,PD,CUWT
91WN00001, 91000001,91,00,00001,2,00,59,-0-,3,2,8,5,5.0,5,4,3,143,82,1,100,55,549, 0, 0, 0, 0, 30,,,,,5,,0,221,1399,93,,281,3,000097,97,1019,80,,76,825,65,3,59
91WN00002, 91000002,91,00,00002,3,00,59,-0-,2,2,5,5,3.0,3,3,3,143,82,2,100,49,476, 0, 0, 0, 0, 26,,,,,5,,0,227,1168,93,,281,3,000097,97,5736,80,,67,704,67,3,56
91WN00003, 91000003,91,00,00003,2,00,58,-0-,2,1,3,2,3.0,3,3,3,143,82,1,100,53,524, 0, 0, 0, 0, 25,,,,,5,,0,184,931,93,,281,3,000097,97,6523,80,,73,717,45,3,63
91WN00004, 91000004,91,00,00004,2,00,58,-0-,2,2,5,5,4.0,4,4,3,143,82,1,100,55,549, 0, 0, 0, 0, 29,,,,,5,,0,211,1251,93,,281,3,000097,97,5283,80,,76,825,47,3,66
91WN00005, 91000005,91,00,00005,2,00,59,-0-,3,2,8,5,5.0,5,4,3,143,82,2,100,57,573, 0, 0, 0, 0, 34,,,,,5,,0,221,1399,93,,281,3,000097,97,1019,80,,79,848,65,3,56
91WN00006, 91000006,91,00,00006,2,00,58,-0-,2,2,5,5,4.0,4,4,3,143,82,1,100,61,622, 0, 0, 0, 0, 34,,,,,5,,0,211,1251,93,,281,3,000097,97,5283,80,,85,898,47,3,66
91WN00007, 91000007,91,00,00007,2,00,58,-0-,2,2,5,5,4.0,4,4,3,143,82,2,100,50,488, 0, 0, 0, 0, 24,,,,,5,,0,199,1206,93,,281,3,000097,97,4589,80,,69,763,47,3,58
91WN00008, 91000008,91,00,00008,3,00,59,-0-,2,2,5,5,3.0,3,3,3,143,82,1,100,49,476, 0, 0, 0, 0, 22,,,,,5,,0,227,1168,93,,281,3,000097,97,5736,80,,67,705,67,3,54
91WN00009, 91000009,91,00,00009,3,00,58,-0-,2,2,5,5,4.0,4,4,3,143,82,1,100,55,549, 0, 0, 0, 0, 27,,,,,5,,0,199,1206,93,,281,3,000097,97,4589,80,,76,799,47,3,62
91WN00010, 91000010,91,00,00010,2,00,59,-0-,1,1,1,1,3.0,3,3,3,143,82,5,100,75,793, 0, 0, 0, 0, 37,,,,,5,,0,170,935,93,,281,3,000097,97,5821,80,,105,897,65,3,76
91WN00011, 91000011,91,00,00011,3,00,59,-0-,2,2,5,5,3.0,3,3,3,143,82,5,100,53,524, 0, 0, 0, 0, 30,,,,,5,,0,184,1203,93,,281,3,000097,97,6471,80,,73,748,67,3,54
91WN00012, 91000012,91,00,00012,2,00,59,-0-,3,2,8,5,4.0,4,4,3,143,82,5,100,51,500, 0, 0, 0, 0, 30,,,,,5,,0,224,1439,93,,281,3,000097,97,3710,80,,70,771,67,3,46
91WN00013, 91000013,91,00,00013,2,00,59,-0-,2,2,5,5,6.0,6,4,3,143,82,5,100,56,561, 0, 0, 0, 0, 30,,,,,5,,0,185,1391,93,,281,3,000097,97,8930,94,,77,832,67,3,51
91WN00014, 91000014,91,00,00014,3,00,58,-0-,2,2,5,5,6.0,6,4,3,143,82,5,100,60,610, 0, 0, 0, 0, 32,,,,,5,,0,205,1447,93,,281,3,000097,97,9848,94,,83,854,45,3,66
91WN00015, 91000015,91,00,00015,3,00,59,-0-,3,2,8,5,5.0,5,4,3,143,82,4,100,49,476, 0, 0, 0, 0, 23,,,,,5,,0,221,1368,93,,281,3,000097,97,0906,80,,67,722,65,3,50
91WN00016, 91000016,91,00,00016,3,00,58,-0-,2,1,3,2,5.0,5,4,3,143,30,0,100,27,567, 0, 0, 0, 0, 27,,,,,5,,0,199,1240,97,,227,3,000097,97,2466,80,,78,,45,7,0
91WN00017, 91000017,91,00,00017,2,00,59,-0-,2,2,5,5,3.0,3,3,3,143,82,5,100,55,549, 0, 0, 0, 0, 28,,,,,5,,0,184,1109,93,,281,3,000097,97,6560,80,,76,800,67,3,56
91WN00018, 91000018,91,00,00018,3,00,58,-0-,1,1,1,1,4.0,4,4,3,143,82,6,100,66,683, 0, 0, 0, 0, 28,,,,,5,,0,186,1091,93,,281,3,000097,97,4727,80,,92,780,47,3,67
91WN00019, 91000019,91,00,00019,2,00,58,-0-,2,2,5,5,3.0,3,3,3,143,82,6,100,57,573, 0, 0, 0, 0, 24,,,,,5,,0,184,1201,93,,281,3,000097,97,7682,80,,79,823,47,3,65
91WN00020, 91000020,91,00,00020,3,00,59,-0-,3,2,8,5,4.0,4,4,3,143,82,5,100,54,537, 0, 0, 0, 0, 34,,,,,5,,0,224,1439,93,,281,3,000097,97,3710,80,,74,781,67,3,52
91WN00021, 91000021,91,00,00021,2,00,59,-0-,2,2,5,5,6.0,6,4,3,143,82,6,100,53,524, 0, 0, 0, 0, 31,,,,,5,,0,185,1391,97,,268,3,000097,97,8930,94,,73,794,67,7,0
91WN00022, 91000022,91,00,00022,2,00,58,-0-,2,2,5,5,3.0,3,3,3,143,82,5,100,52,512, 0, 0, 0, 0, 25,,,,,5,,0,184,1201,93,,281,3,000097,97,7682,80,,71,763,47,3,55
91WN00023, 91000023,91,00,00023,2,00,59,-0-,2,2,5,5,3.0,3,3,3,143,82,4,100,55,549, 0, 0, 0, 0, 28,,,,,5,,0,184,1203,93,,281,3,000097,97,6471,80,,76,802,67,3,55
91WN00024, 91000024,91,00,00024,2,00,58,-0-,2,2,5,5,4.0,4,4,3,143,82,4,100,54,537, 0, 0, 0, 0, 27,,,,,5,,0,211,1477,93,,281,3,000097,97,4608,80,,74,810,47,3,50
91WN00025, 91000025,91,00,00025,2,00,58,-0-,2,2,5,5,6.0,6,4,3,143,82,6,100,55,549, 0, 0, 0, 0, 24,,,,,5,,0,205,1447,97,,268,3,000097,97,9848,94,,76,819,45,7,0
91WN00026, 91000026,91,00,00026,2,00,59,-0-,2,2,5,5,3.0,3,3,3,143,82,6,100,55,549, 0, 0, 0, 0, 27,,,,,5,,0,184,1109,93,,281,3,000097,97,6560,80,,76,799,67,3,56
91WN00027, 91000027,91,00,00027,2,00,58,-0-,2,2,5,5,3.0,3,3,3,143,30,0,100,23,433, 0, 0, 0, 0, 23,,,,,5,,0,184,1168,97,,227,3,000097,97,6800,80,,62,,47,7,0
91WN00028, 91000028,91,00,00028,2,00,58,-0-,3,2,8,5,3.0,3,3,3,143,82,5,100,46,439, 0, 0, 0, 0, 27,,,,,5,,0,227,1342,93,,281,3,000097,97,7654,80,,63,690,45,3,55
91WN00029, 91000029,91,00,00029,3,00,59,-0-,1,1,1,1,3.0,3,3,3,143,82,8,100,82,878, 0, 0, 0, 0, 42,,,,,5,,0,170,989,93,,281,3,000097,97,6000,80,,115,952,65,3,82
91WN00030, 91000030,91,00,00030,2,00,59,-0-,3,2,8,5,5.0,5,4,3,143,82,5,100,53,524, 0, 0, 0, 0, 23,,,,,5,,0,221,1368,97,,268,3,000097,97,0906,80,,73,795,65,7,0
91WN00031, 91000031,91,00,00031,2,00,58,-0-,2,1,3,2,3.0,3,3,3,143,82,5,100,60,610, 0, 0, 0, 0, 38,,,,,5,,0,213,1245,93,,281,3,000097,97,7701,80,,83,798,47,3,64
91WN00032, 91000032,91,00,00032,3,00,58,-0-,3,2,8,5,3.0,3,3,3,143,82,6,100,58,585, 0, 0, 0, 0, 31,,,,,5,,0,227,1342,93,,281,3,000097,97,7654,80,,80,808,45,3,60
91WN00033, 91000033,91,00,00033,3,00,58,-0-,2,2,5,5,3.0,3,3,3,143,82,4,100,48,463, 0, 0, 0, 0, 25,,,,,5,,0,184,1168,93,,281,3,000097,97,6800,80,,66,689,47,3,55
91WN00034, 91000034,91,00,00034,2,00,59,-0-,2,2,5,5,4.0,4,4,3,143,82,6,100,49,476, 0, 0, 0, 0, 26,,,,,5,,0,199,1214,93,,281,3,000097,97,3506,80,,67,746,65,3,48
91WN00035, 91000035,91,00,00035,3,00,58,-0-,2,2,5,5,4.0,4,4,3,143,82,4,100,54,537, 0, 0, 0, 0, 29,,,,,5,,0,211,1477,97,,268,3,000097,97,4608,80,,74,783,47,7,0
91WN00036, 91000036,91,00,00036,2,00,59,-0-,2,2,5,5,4.0,4,4,3,143,82,6,100,48,463, 0, 0, 0, 0, 26,,,,,5,,0,199,1214,93,,281,3,000097,97,3506,80,,66,733,65,3,49
91WN00037, 91000037,91,00,00037,2,00,59,-0-,1,1,1,1,4.0,4,4,3,143,82,18,100,72,756, 0, 0, 0, 0, 29,,,,,5,,0,174,1208,93,,281,3,000097,97,3905,80,,101,864,67,3,73
91WN00038, 91000038,91,00,00038,2,00,59,-0-,2,2,5,5,4.0,4,4,3,143,82,19,100,64,659, 0, 0, 0, 0, 28,,,,,5,,0,199,1448,93,,281,3,000097,97,3619,80,,89,913,67,3,69
91WN00039, 91000039,91,00,00039,3,00,59,-0-,2,1,3,2,3.0,3,3,3,143,82,19,100,79,841, 0, 0, 0, 0, 38,,,,,5,,0,213,1247,93,,281,3,000097,97,6093,80,,111,970,67,3,89
91WN00040, 91000040,91,00,00040,2,00,58,-0-,3,1,7,2,4.0,4,4,3,143,82,19,100,38,341, 0, 0, 0, 0, 20,,,,,5,,0,224,995,97,,268,3,000097,97,4433,80,,51,532,47,7,0
91WN00041, 91000041,91,00,00041,3,00,58,-0-,2,2,5,5,3.0,3,3,3,143,82,18,100,77,817, 0, 0, 0, 0, 40,,,,,5,,0,213,1346,93,,281,3,000097,97,6999,80,,108,999,47,3,81
91WN00042, 91000042,91,00,00042,3,00,58,-0-,2,2,5,5,3.0,3,3,3,143,82,18,100,76,805, 0, 0, 0, 0, 38,,,,,5,,0,213,1346,93,,281,3,000097,97,6999,80,,107,999,47,3,83
91WN00043, 91000043,91,00,00043,3,00,58,-0-,2,2,5,5,4.0,4,4,3,143,82,18,100,60,610, 0, 0, 0, 0, 27,,,,,5,,0,224,1254,93,,281,3,000097,97,4277,80,,83,838,45,3,64
91WN00044, 91000044,91,00,00044,2,00,59,-0-,2,2,5,5,4.0,4,4,3,143,82,19,100,57,573, 0, 0, 0, 0, 25,,,,,5,,0,199,1448,93,,281,3,000097,97,3619,80,,79,827,67,3,62
91WN00045, 91000045,91,00,00045,3,00,58,-0-,2,2,5,5,4.0,4,4,3,143,82,19,100,52,512, 0, 0, 0, 0, 25,,,,,5,,0,224,1254,97,,268,3,000097,97,4277,80,,71,739,45,7,0
91WN00046, 91000046,91,00,00046,3,00,58,-0-,3,1,7,2,3.0,3,3,3,143,82,13,100,62,634, 0, 0, 0, 0, 25,,,,,5,,0,227,1282,93,,281,3,000097,97,7878,80,,86,770,45,3,71
91WN00047, 91000047,91,00,00047,3,00,58,-0-,2,1,3,2,3.0,3,3,3,143,30,0,100,40,999, 0, 0, 0, 0, 45,,,,,5,,0,213,1406,97,,227,3,000097,97,7290,80,,150,,47,7,0
91WN00048, 91000048,91,00,00048,3,00,58,-0-,2,2,5,5,4.0,4,4,3,143,30,0,100,35,833, 0, 0, 0, 0, 35,,,,,5,,0,224,1435,97,,227,3,000097,97,4233,80,,110,,45,7,0
91WN00049, 91000049,91,00,00049,2,00,58,-0-,2,2,5,5,6.0,6,4,3,143,82,13,100,57,573, 0, 0, 0, 0, 30,,,,,5,,0,205,1271,93,,281,3,000097,97,9230,94,,79,834,45,3,57
91WN00050, 91000050,91,00,00050,2,00,58,-0-,3,2,8,5,4.0,4,4,3,143,82,14,100,52,512, 0, 0, 0, 0, 23,,,,,5,,0,236,1282,93,,281,3,000097,97,3944,80,,71,772,47,3,53
91WN00051, 91000051,91,00,00051,2,00,58,-0-,2,2,5,5,6.0,6,4,3,143,82,14,100,57,573, 0, 0, 0, 0, 31,,,,,5,,0,205,1271,93,,281,3,000097,97,9230,94,,79,833,45,3,57
91WN00052, 91000052,91,00,00052,2,00,58,-0-,2,2,5,5,6.0,6,4,3,143,30,0,100,22,400, 0, 0, 0, 0, 22,,,,,5,,0,175,1224,97,,227,3,000097,97,0518,80,,58,,47,7,0
91WN00053, 91000053,91,00,00053,2,00,59,-0-,1,1,1,1,3.0,3,3,3,143,30,0,100,22,400, 0, 0, 0, 0, 22,,,,,5,,0,184,1010,97,,227,3,000097,97,6062,80,,58,,67,7,0
91WN00054, 91000054,91,00,00054,2,00,59,-0-,2,2,5,5,4.0,4,4,3,143,82,15,100,59,598, 0, 0, 0, 0, 36,,,,,5,,0,211,1375,93,,281,3,000097,97,3539,80,,82,857,65,3,77
91WN00055, 91000055,91,00,00055,3,00,58,-0-,2,1,3,2,5.0,5,4,3,143,82,15,100,77,817, 0, 0, 0, 0, 37,,,,,5,,0,166,941,93,,281,3,000097,97,2563,80,,108,999,47,3,90
91WN00056, 91000056,91,00,00056,2,00,58,-0-,2,1,3,2,3.0,3,3,3,143,82,15,100,74,780, 0, 0, 0, 0, 27,,,,,5,,0,184,1104,93,,281,3,000097,97,7728,80,,104,956,45,3,85
91WN00057, 91000057,91,00,00057,3,00,58,-0-,2,2,5,5,4.0,4,4,3,143,82,12,100,66,683, 0, 0, 0, 0, 31,,,,,5,,0,224,1435,93,,281,3,000097,97,4233,80,,92,919,45,3,77
91WN00058, 91000058,91,00,00058,2,00,58,-0-,2,2,5,5,3.0,3,3,3,143,82,14,100,66,683, 0, 0, 0, 0, 34,,,,,5,,0,184,1273,93,,281,3,000097,97,6882,80,,92,923,47,3,71
91WN00059, 91000059,91,00,00059,2,00,58,-0-,2,1,3,2,5.0,5,4,3,143,82,13,100,65,671, 0, 0, 0, 0, 34,,,,,5,,0,177,975,93,,281,3,000097,97,1334,80,,90,869,47,3,65
91WN00060, 91000060,91,00,00060,2,00,59,-0-,2,2,5,5,4.0,4,4,3,143,82,12,100,67,695, 0, 0, 0, 0, 36,,,,,5,,0,211,1375,93,,281,3,000097,97,3539,80,,93,958,65,3,71
91WN00061, 91000061,91,00,00061,3,00,58,-0-,2,2,5,5,6.0,6,4,3,143,82,14,100,56,561, 0, 0, 0, 0, 25,,,,,5,,0,175,1224,93,,281,3,000097,97,0518,80,,77,794,47,3,71
91WN00062, 91000062,91,00,00062,2,00,58,-0-,3,2,8,5,4.0,4,4,3,143,82,15,100,53,524, 0, 0, 0, 0, 28,,,,,5,,0,236,1282,93,,281,3,000097,97,3944,80,,73,783,47,3,55
91WN00063, 91000063,91,00,00063,3,00,59,-0-,1,1,1,1,4.0,4,4,3,143,82,12,100,60,610, 0, 0, 0, 0, 29,,,,,5,,0,186,1020,93,,281,3,000097,97,3629,80,,83,699,65,3,66
91WN00064, 91000064,91,00,00064,3,00,58,-0-,2,2,5,5,3.0,3,3,3,143,82,15,100,66,683, 0, 0, 0, 0, 34,,,,,5,,0,184,1273,93,,281,3,000097,97,6882,80,,92,895,47,3,70
91WN00065, 91000065,91,00,00065,2,00,58,-0-,3,2,8,5,3.0,3,3,3,143,82,12,100,65,671, 0, 0, 0, 0, 29,,,,,5,,0,199,1284,93,,281,3,000097,97,7151,80,,90,914,47,3,73
91WN00066, 91000066,91,00,00066,3,00,58,-0-,3,2,8,5,3.0,3,3,3,143,30,0,100,35,833, 0, 0, 0, 0, 35,,,,,5,,0,199,1284,97,,227,3,000097,97,7151,80,,110,,47,7,0
91WN00067, 91000195,91,00,00195,3,00,59,-0-,2,2,5,5,3.0,3,3,3,143,81,10,100,56,568, 0, 0, 0, 0, 31,,,,,5,,0,199,1294,93,,281,3,000097,97,5834,80,,78,792,67,3,64
91WN00068, 91000196,91,00,00196,2,00,59,-0-,2,2,5,5,3.0,3,3,3,143,81,10,100,63,654, 0, 0, 0, 0, 35,,,,,5,,0,199,1294,93,,281,3,000097,97,5834,80,,89,905,67,3,69
91WN00069, 91000197,91,00,00197,3,00,58,-0-,2,2,5,5,3.0,3,3,3,143,81,8,100,53,531, 0, 0, 0, 0, 27,,,,,5,,0,199,1376,93,,281,3,000097,97,7076,80,,74,757,47,3,65
91WN00070, 91000198,91,00,00198,3,00,59,-0-,2,2,5,5,4.0,4,4,3,143,81,8,100,49,481, 0, 0, 0, 0, 28,,,,,5,,0,186,1306,93,,281,3,000097,97,3962,80,,68,727,65,3,56
91WN00071, 91000199,91,00,00199,2,00,58,-0-,2,2,5,5,3.0,3,3,3,143,81,8,100,56,568, 0, 0, 0, 0, 28,,,,,5,,0,199,1376,97,,268,3,000097,97,7076,80,,78,821,47,7,0
91WN00072, 91000200,91,00,00200,3,00,59,-0-,2,2,5,5,5.0,5,4,3,143,81,8,100,71,753, 0, 0, 0, 0, 43,,,,,5,,0,210,1610,93,,281,3,000097,97,1548,80,,100,999,67,3,74
91WN00073, 91000201,91,00,00201,2,00,58,-0-,2,2,5,5,4.0,4,4,3,143,81,10,100,62,642, 0, 0, 0, 0, 30,,,,,5,,0,199,1388,93,,281,3,000097,97,4709,80,,87,913,47,3,68
91WN00074, 91000202,91,00,00202,2,00,58,-0-,3,2,8,5,6.0,6,4,3,143,81,8,100,49,481, 0, 0, 0, 0, 31,,,,,5,,0,235,1407,97,,268,3,000097,97,0558,80,,68,754,47,7,0
91WN00075, 91000203,91,00,00203,2,00,58,-0-,2,2,5,5,4.0,4,4,3,143,81,10,100,51,506, 0, 0, 0, 0, 27,,,,,5,,0,199,1388,93,,281,3,000097,97,4709,80,,71,777,47,3,63
91WN00076, 91000204,91,00,00204,3,00,59,-0-,1,1,1,1,6.0,6,4,3,143,81,10,100,41,383, 0, 0, 0, 0, 23,,,,,5,,0,195,1302,10,,234,3,000097,97,8690,94,,56,480,65,6,0
91WN00077, 91000205,91,00,00205,3,00,59,-0-,2,2,5,5,5.0,5,4,3,143,81,8,100,79,852, 0, 0, 0, 0, 44,,,,,5,,0,210,1610,93,,281,3,000097,97,1548,80,,112,999,67,3,86
91WN00078, 91000206,91,00,00206,3,00,58,-0-,3,2,8,5,6.0,6,4,3,143,30,0,100,33,767, 0, 0, 0, 0, 33,,,,,5,,0,235,1407,97,,227,3,000097,97,0558,80,,102,,47,7,0
91WN00079, 91000207,91,00,00207,3,00,59,-0-,2,2,5,5,4.0,4,4,3,143,81,8,100,51,506, 0, 0, 0, 0, 26,,,,,5,,0,186,1306,93,,281,3,000097,97,3962,80,,71,752,65,3,59
91WN00080, 91000208,91,00,00208,2,00,58,-0-,2,2,5,5,4.0,4,4,3,143,81,4,100,54,543, 0, 0, 0, 0, 28,,,,,5,,0,186,1265,93,,281,3,000097,97,4877,80,,75,821,47,3,62
91WN00081, 91000209,91,00,00209,3,00,58,-0-,1,1,1,1,3.0,3,3,3,143,81,5,100,62,642, 0, 0, 0, 0, 28,,,,,5,,0,199,1145,93,,281,3,000097,97,7074,80,,87,725,47,3,71
91WN00082, 91000210,91,00,00210,3,00,59,-0-,2,1,3,2,4.0,4,4,3,143,30,0,100,23,433, 0, 0, 0, 0, 23,,,,,5,,0,186,1167,97,,227,3,000097,97,3904,80,,62,,67,7,0
91WN00083, 91000211,91,00,00211,3,00,59,-0-,2,1,3,2,3.0,3,3,3,143,81,5,100,83,901, 0, 0, 0, 0, 40,,,,,5,,0,170,985,93,,281,3,000097,97,5672,80,,118,999,67,3,89
91WN00084, 91000212,91,00,00212,2,00,58,-0-,3,2,8,5,4.0,4,4,3,143,81,4,100,37,333, 0, 0, 0, 0, 17,,,,,5,,0,211,1094,93,,281,3,000097,97,4702,80,,50,611,45,3,49
91WN00085, 91000213,91,00,00213,3,00,58,-0-,2,1,3,2,3.0,3,3,3,143,81,1,100,45,432, 0, 0, 0, 0, 24,,,,,5,,0,199,1273,93,,281,3,000097,97,7042,80,,62,589,47,3,53
91WN00086, 91000214,91,00,00214,3,00,58,-0-,2,1,3,2,5.0,5,4,3,143,81,1,100,60,617, 0, 0, 0, 0, 33,,,,,5,,0,243,1232,93,,281,3,000097,97,1906,80,,84,794,45,3,67
91WN00087, 91000215,91,00,00215,3,00,58,-0-,1,1,1,1,6.0,6,4,3,143,81,4,100,83,901, 0, 0, 0, 0, 41,,,,,5,,0,185,1477,93,,281,3,000097,97,0482,80,,118,999,47,3,87
91WN00088, 91000216,91,00,00216,3,00,58,-0-,2,2,5,5,4.0,4,4,3,143,81,5,100,56,568, 0, 0, 0, 0, 27,,,,,5,,0,186,1265,93,,281,3,000097,97,4877,80,,78,818,47,3,65
91WN00089, 91000217,91,00,00217,2,00,58,-0-,3,2,8,5,4.0,4,4,3,143,81,4,100,44,420, 0, 0, 0, 0, 22,,,,,5,,0,211,1094,93,,281,3,000097,97,4702,80,,60,698,45,3,52
91WN00090, 91000218,91,00,00218,2,00,58,-0-,3,1,7,2,6.0,6,4,3,143,81,5,100,66,691, 0, 0, 0, 0, 34,,,,,5,,0,235,1224,93,,281,3,000097,97,0326,80,,93,905,47,3,88
91WN00091, 91000219,91,00,00219,2,00,58,-0-,1,1,1,1,5.0,5,4,3,143,81,16,100,71,753, 0, 0, 0, 0, 27,,,,,5,,0,177,1190,93,,281,3,000097,97,2101,80,,100,869,47,3,80
91WN00092, 91000220,91,00,00220,2,00,58,-0-,2,2,5,5,5.0,5,4,3,143,81,15,100,58,593, 0, 0, 0, 0, 30,,,,,5,,0,188,1177,97,,268,3,000097,97,1935,80,,81,857,45,7,0
91WN00093, 91000221,91,00,00221,2,00,59,-0-,2,1,3,2,7.0,7,5,3,143,81,14,100,64,667, 0, 0, 0, 0, 29,,,,,5,,0,190,1073,15,,253,3,000097,97,6663,94,,90,881,65,6,0
91WN00094, 91000222,91,00,00222,2,00,59,-0-,2,1,3,2,5.0,5,4,3,143,81,14,100,58,593, 0, 0, 0, 0, 23,,,,,5,,0,188,1168,93,,281,3,000097,97,0942,80,,81,796,65,3,62
91WN00095, 91000223,91,00,00223,3,00,58,-0-,2,2,5,5,5.0,5,4,3,143,81,15,100,67,704, 0, 0, 0, 0, 38,,,,,5,,0,188,1177,93,,281,3,000097,97,1935,80,,94,942,45,3,73
91WN00096, 91000224,91,00,00224,2,00,59,-0-,2,2,5,5,4.0,4,4,3,143,83,1,100,62,627, 0, 0, 0, 0, 29,,,,,5,,0,199,1328,93,,281,3,000097,97,3701,80,,85,,67,3,69
91WN00097, 91000225,91,00,00225,3,00,59,-0-,2,2,5,5,3.0,3,3,3,143,81,16,100,56,568, 0, 0, 0, 0, 20,,,,,5,,0,184,1322,93,,281,3,000097,97,5827,80,,78,784,65,3,66
91WN00098, 91000226,91,00,00226,2,00,59,-0-,3,1,7,2,6.0,6,4,3,143,81,15,100,71,753, 0, 0, 0, 0, 39,,,,,5,,0,205,1322,93,,281,3,000097,97,9179,94,,100,954,65,3,81
91WN00099, 91000227,91,00,00227,3,00,59,-0-,2,2,5,5,3.0,3,3,3,143,81,1,100,60,617, 0, 0, 0, 0, 27,,,,,5,,0,184,1322,93,,281,3,000097,97,5827,80,,84,877,65,3,63
91WN00100, 91000228,91,00,00228,3,00,59,-0-,2,2,5,5,4.0,4,4,3,143,81,14,100,63,654, 0, 0, 0, 0, 34,,,,,5,,0,199,1328,93,,281,3,000097,97,3701,80,,89,893,67,3,64
91WN00101, 91000229,91,00,00229,3,00,58,-0-,2,2,5,5,4.0,4,4,3,143,30,0,100,30,667, 0, 0, 0, 0, 30,,,,,5,,0,174,1213,10,,217,3,000097,97,4778,80,,90,,47,6,0
91WN00102, 91000230,91,00,00230,3,00,58,-0-,2,1,3,2,3.0,3,3,3,143,81,1,100,80,864, 0, 0, 0, 0, 38,,,,,5,,0,184,1130,93,,281,3,000097,97,7445,80,,114,999,45,3,85
91WN00103, 91000231,91,00,00231,3,00,58,-0-,2,2,5,5,4.0,4,4,3,143,81,15,100,67,704, 0, 0, 0, 0, 31,,,,,5,,0,174,1213,93,,281,3,000097,97,4778,80,,94,942,47,3,74
91WN00104, 91000232,91,00,00232,3,00,58,-0-,2,2,5,5,4.0,4,4,3,143,30,0,100,28,600, 0, 0, 0, 0, 28,,,,,5,,0,236,1497,97,,227,3,000097,97,4409,80,,82,,47,7,0
91WN00105, 91000233,91,00,00233,3,00,58,-0-,2,2,5,5,3.0,3,3,3,143,81,21,100,58,593, 0, 0, 0, 0, 22,,,,,5,,0,184,1275,93,,281,3,000097,97,7486,80,,81,803,45,3,71
91WN00106, 91000234,91,00,00234,3,00,58,-0-,2,2,5,5,4.0,4,4,3,143,81,20,100,86,938, 0, 0, 0, 0, 41,,,,,5,,0,199,1311,93,,281,3,000097,97,5099,80,,123,999,45,3,94
91WN00107, 91000235,91,00,00235,3,00,58,-0-,2,2,5,5,4.0,4,4,3,143,81,20,100,57,580, 0, 0, 0, 0, 26,,,,,5,,0,236,1497,93,,281,3,000097,97,4409,80,,80,811,47,3,67
91WN00108, 91000236,91,00,00236,2,00,58,-0-,2,2,5,5,4.0,4,4,3,143,81,21,100,73,778, 0, 0, 0, 0, 41,,,,,5,,0,199,1311,93,,281,3,000097,97,5099,80,,103,999,45,3,73
91WN00109, 91000237,91,00,00237,2,00,58,-0-,2,2,5,5,4.0,4,4,3,143,81,19,100,73,778, 0, 0, 0, 0, 38,,,,,5,,0,236,1405,93,,281,3,000097,97,5348,80,,103,999,47,3,86
91WN00110, 91000238,91,00,00238,3,00,58,-0-,2,2,5,5,4.0,4,4,3,143,81,1,100,71,753, 0, 0, 0, 0, 34,,,,,5,,0,236,1405,93,,281,3,000097,97,5348,80,,100,999,47,3,75
91WN00111, 91000239,91,00,00239,3,00,59,-0-,1,1,1,1,5.0,5,4,3,143,81,1,100,61,630, 0, 0, 0, 0, 31,,,,,5,,0,177,1210,93,,281,3,000097,97,1515,80,,86,739,67,3,68
91WN00112, 91000240,91,00,00240,3,00,59,-0-,2,1,3,2,3.0,3,3,3,143,81,21,100,55,556, 0, 0, 0, 0, 22,,,,,5,,0,213,1356,93,,281,3,000097,97,5890,80,,77,688,67,3,62
91WN00113, 91000241,91,00,00241,2,00,58,-0-,2,2,5,5,3.0,3,3,3,143,81,20,100,54,543, 0, 0, 0, 0, 22,,,,,5,,0,184,1275,97,,268,3,000097,97,7486,80,,75,781,45,7,0
91WN00114, 91000242,91,00,00242,3,00,58,-0-,2,2,5,5,3.0,3,3,3,143,83,1,100,58,578, 0, 0, 0, 0, 33,,,,,5,,0,199,1117,93,,281,3,000097,97,7864,80,,79,802,47,3,65
91WN00115, 91000243,91,00,00243,2,00,58,-0-,2,2,5,5,3.0,3,3,3,143,83,1,100,58,578, 0, 0, 0, 0, 29,,,,,5,,0,199,1117,93,,281,3,000097,97,7864,80,,79,,47,3,69
91WN00116, 91000244,91,00,00244,3,00,58,-0-,3,3,9,8,7.0,7,5,3,143,83,14,100,67,687, 0, 0, 0, 0, 32,,,,,5,,0,236,1478,93,,281,3,000097,97,7642,94,,92,983,47,3,69
91WN00117, 91000245,91,00,00245,3,00,59,-0-,2,2,5,5,3.0,3,3,3,143,83,13,100,61,614, 0, 0, 0, 0, 33,,,,,5,,0,199,1196,93,,281,3,000097,97,5631,80,,84,823,67,3,64
91WN00118, 91000246,91,00,00246,3,00,58,-0-,2,1,3,2,6.0,6,4,3,143,83,14,100,55,542, 0, 0, 0, 0, 24,,,,,5,,0,205,1170,93,,281,3,000097,97,0555,80,,75,692,47,3,66
91WN00119, 91000247,91,00,00247,3,00,58,-0-,3,2,8,5,4.0,4,4,3,143,30,0,100,34,800, 0, 0, 0, 0, 34,,,,,5,,0,236,1244,97,,227,3,000097,97,4529,80,,106,,45,7,0
91WN00120, 91000248,91,00,00248,3,00,58,-0-,2,1,3,2,7.0,7,5,3,143,30,0,100,31,700, 0, 0, 0, 0, 31,,,,,5,,0,190,1171,97,,227,3,000097,97,7432,94,,94,,45,7,0
91WN00121, 91000249,91,00,00249,2,00,58,-0-,3,3,9,8,7.0,7,5,3,143,83,1,100,72,747, 0, 0, 0, 0, 39,,,,,5,,0,236,1478,93,,281,3,000097,97,7642,94,,100,999,47,3,78
91WN00122, 91000250,91,00,00250,3,00,58,-0-,1,1,1,1,7.0,7,5,3,143,83,14,100,79,831, 0, 0, 0, 0, 41,,,,,5,,0,190,1203,93,,281,3,000097,97,6921,94,,110,923,45,3,80
91WN00123, 91000251,91,00,00251,2,00,58,-0-,1,1,1,1,3.0,3,3,3,143,83,13,100,74,771, 0, 0, 0, 0, 33,,,,,5,,0,184,1294,93,,281,3,000097,97,7102,80,,103,859,47,3,79
91WN00124, 91000252,91,00,00252,3,00,58,-0-,3,3,9,8,7.0,7,5,3,143,30,0,100,25,500, 0, 0, 0, 0, 25,,,,,5,,0,236,1478,97,,227,3,000097,97,7642,94,,70,,47,7,0
91WN00125, 91000253,91,00,00253,2,00,58,-0-,2,2,5,5,3.0,3,3,3,143,83,1,100,67,687, 0, 0, 0, 0, 38,,,,,5,,0,199,1534,93,,281,3,000097,97,7150,80,,92,,47,3,70
91WN00126, 91000254,91,00,00254,3,00,58,-0-,2,2,5,5,5.0,5,4,3,143,30,0,100,30,667, 0, 0, 0, 0, 30,,,,,5,,0,210,1200,97,,227,3,000097,97,1486,80,,90,,45,7,0
91WN00127, 91000255,91,00,00255,2,00,58,-0-,2,2,5,5,4.0,4,4,3,143,83,13,100,73,759, 0, 0, 0, 0, 29,,,,,5,,0,199,1300,93,,281,3,000097,97,4823,80,,101,999,45,3,79
91WN00128, 91000256,91,00,00256,2,00,58,-0-,2,2,5,5,3.0,3,3,3,143,83,14,100,63,639, 0, 0, 0, 0, 35,,,,,5,,0,199,1534,97,,268,3,000097,97,7150,80,,87,873,47,7,0
91WN00129, 91000257,91,00,00257,2,00,59,-0-,2,1,3,2,4.0,4,4,3,143,83,14,100,63,639, 0, 0, 0, 0, 26,,,,,5,,0,211,1247,93,15,281,3,000097,97,3693,80,,87,831,67,3,63
91WN00130, 91000258,91,00,00258,2,00,58,-0-,2,2,5,5,5.0,5,4,3,143,30,0,100,30,667, 0, 0, 0, 0, 30,,,,,5,,0,188,1350,97,,227,3,000097,97,2888,80,,90,,45,7,0
91WN00131, 91000259,91,00,00259,2,00,59,-0-,2,2,5,5,3.0,3,3,3,143,83,13,100,62,627, 0, 0, 0, 0, 30,,,,,5,,0,199,1196,93,,281,3,000097,97,5631,80,,85,863,67,3,62
91WN00132, 91000260,91,00,00260,2,00,58,-0-,2,2,5,5,5.0,5,4,3,143,83,13,100,62,627, 0, 0, 0, 0, 29,,,,,5,,0,210,1200,93,,281,3,000097,97,1486,80,,85,883,45,3,68
91WN00133, 91000261,91,00,00261,3,00,58,-0-,2,2,5,5,5.0,5,4,3,143,83,1,100,58,578, 0, 0, 0, 0, 28,,,,,5,,0,188,1350,93,,281,3,000097,97,2888,80,,79,822,45,3,64
91WN00134, 91000262,91,00,00262,2,00,58,-0-,2,2,5,5,4.0,4,4,3,143,83,14,100,79,831, 0, 0, 0, 0, 29,,,,,5,,0,199,1300,93,,281,3,000097,97,4823,80,,110,999,45,3,86
91WN00135, 91000263,91,00,00263,3,00,58,-0-,3,2,8,5,4.0,4,4,3,143,83,14,100,71,735, 0, 0, 0, 0, 33,,,,,5,,0,236,1244,93,,281,3,000097,97,4529,80,,98,963,45,3,78
91WN00136, 91000264,91,00,00264,2,00,59,-0-,2,2,5,5,3.0,3,3,3,143,83,10,100,67,687, 0, 0, 0, 0, 31,,,,,5,,0,184,1179,93,,281,3,000097,97,5680,80,,92,926,65,3,77
91WN00137, 91000265,91,00,00265,2,00,59,-0-,2,2,5,5,4.0,4,4,3,143,83,1,100,50,482, 0, 0, 0, 0, 22,,,,,5,,0,211,1178,93,,281,3,000097,97,3841,80,,68,753,67,3,60
91WN00138, 91000266,91,00,00266,3,00,59,-0-,2,2,5,5,5.0,5,4,3,143,83,10,100,54,530, 0, 0, 0, 0, 26,,,,,5,,0,221,1399,93,,281,3,000097,97,1105,80,,74,763,65,3,60
91WN00139, 91000267,91,00,00267,2,00,59,-0-,1,1,1,1,7.0,7,5,3,143,83,10,100,67,687, 0, 0, 0, 0, 25,,,,,5,,0,208,1350,93,,281,3,000097,97,6987,94,,92,810,65,3,73
91WN00140, 91000268,91,00,00268,2,00,59,-0-,2,2,5,5,3.0,3,3,3,143,83,10,100,72,747, 0, 0, 0, 0, 34,,,,,5,,0,184,1179,93,,281,3,000097,97,5680,80,,100,986,65,3,80
91WN00141, 91000269,91,00,00269,2,00,59,-0-,2,2,5,5,5.0,5,4,3,143,83,8,100,49,470, 0, 0, 0, 0, 22,,,,,5,,0,221,1399,93,,281,3,000097,97,1105,80,,66,732,65,3,58
91WN00142, 91000270,91,00,00270,2,00,59,-0-,2,2,5,5,4.0,4,4,3,143,83,10,100,56,554, 0, 0, 0, 0, 19,,,,,5,,0,211,1178,93,,281,3,000097,97,3841,80,,77,814,67,3,70
91WN00143, 91000271,91,00,00271,2,00,58,-0-,2,1,3,2,3.0,3,3,3,143,83,3,100,47,446, 0, 0, 0, 0, 22,,,,,5,,0,199,1002,97,,268,3,000097,97,7564,80,,63,631,47,7,0
91WN00144, 91000272,91,00,00272,3,00,58,-0-,2,2,5,5,5.0,5,4,3,143,30,0,100,23,433, 0, 0, 0, 0, 23,,,,,5,,0,177,1168,97,,227,3,000097,97,2332,80,,62,,47,7,0
91WN00145, 91000273,91,00,00273,2,00,59,-0-,1,1,1,1,3.0,3,3,3,143,83,5,100,78,819, 0, 0, 0, 0, 29,,,,,5,,0,170,1151,93,,281,3,000097,97,5669,80,,108,917,67,3,88
91WN00146, 91000274,91,00,00274,2,00,58,-0-,2,1,3,2,4.0,4,4,3,143,83,3,100,75,783, 0, 0, 0, 0, 32,,,,,5,,0,186,1179,93,,281,3,000097,97,4501,80,,104,988,47,3,80
91WN00147, 91000275,91,00,00275,2,00,59,-0-,2,2,5,5,3.0,3,3,3,143,30,0,100,23,433, 0, 0, 0, 0, 23,,,,,5,,0,184,1215,97,,227,3,000097,97,5878,80,,62,,67,7,0
91WN00148, 91000276,91,00,00276,3,00,58,-0-,2,2,5,5,3.0,3,3,3,143,83,5,100,80,843, 0, 0, 0, 0, 40,,,,,5,,0,184,1337,93,,281,3,000097,97,6405,80,,111,999,47,3,80
91WN00149, 91000277,91,00,00277,3,00,59,-0-,3,1,7,2,4.0,4,4,3,143,83,6,100,57,566, 0, 0, 0, 0, 27,,,,,5,,0,236,1293,93,,281,3,000097,97,3808,80,,78,726,67,3,70
91WN00150, 91000278,91,00,00278,2,00,58,-0-,2,2,5,5,4.0,4,4,3,143,83,3,100,44,410, 0, 0, 0, 0, 20,,,,,5,,0,211,1334,97,,268,3,000097,97,5320,80,,59,678,45,7,0
91WN00151, 91000279,91,00,00279,3,00,58,-0-,2,2,5,5,5.0,5,4,3,143,83,5,100,75,783, 0, 0, 0, 0, 26,,,,,5,,0,177,1168,93,,281,3,000097,97,2332,80,,104,999,47,3,86
91WN00152, 91000280,91,00,00280,3,00,58,-0-,3,1,7,2,5.0,5,4,3,143,83,6,100,46,434, 0, 0, 0, 0, 22,,,,,5,,0,243,1255,93,,281,3,000097,97,2026,80,,62,594,47,3,47
91WN00153, 91000281,91,00,00281,3,00,58,-0-,2,2,5,5,3.0,3,3,3,143,83,5,100,79,831, 0, 0, 0, 0, 37,,,,,5,,0,184,1337,93,,281,3,000097,97,6405,80,,110,999,47,3,84
91WN00154, 91000282,91,00,00282,3,00,59,-0-,1,1,1,1,5.0,5,4,3,143,83,5,100,81,855, 0, 0, 0, 0, 28,,,,,5,,0,188,1341,93,,281,3,000097,97,1216,80,,113,947,65,3,98
91WN00155, 91000283,91,00,00283,2,00,59,-0-,2,2,5,5,3.0,3,3,3,143,30,0,100,28,600, 0, 0, 0, 0, 28,,,,,5,,0,184,1215,97,,227,3,000097,97,5878,80,,82,,67,7,0
91WN00156, 91000284,91,00,00284,3,00,58,-0-,2,2,5,5,4.0,4,4,3,143,30,0,100,21,367, 0, 0, 0, 0, 21,,,,,5,,0,211,1334,97,,227,3,000097,97,5320,80,,54,,45,7,0
91WN00157, 91000285,91,00,00285,3,00,58,-0-,2,2,5,5,4.0,4,4,3,143,30,0,100,21,367, 0, 0, 0, 0, 21,,,,,5,,0,186,1221,97,,227,3,000097,97,5435,80,,54,,47,7,0
91WN00158, 91000286,91,00,00286,3,00,58,-0-,1,1,1,1,4.0,4,4,3,143,83,1,100,98,999, 0, 0, 0, 0, 47,,,,,5,,0,174,1270,93,,281,3,000097,97,4078,80,,137,999,45,3,102
91WN00159, 91000287,91,00,00287,2,00,58,-0-,2,2,5,5,4.0,4,4,3,143,83,1,100,57,566, 0, 0, 0, 0, 21,,,,,5,,0,186,1221,93,,281,3,000097,97,5435,80,,78,837,47,3,71
91WN00160, 91000289,91,00,00289,3,00,58,-0-,2,1,3,2,3.0,3,3,3,143,83,1,100,70,723, 0, 0, 0, 0, 33,,,,,5,,0,227,1074,93,,281,3,000097,97,6502,80,,97,869,47,3,75
91WN00161, 91000290,91,00,00290,2,00,58,-0-,2,2,5,5,3.0,3,3,3,143,83,2,100,79,831, 0, 0, 0, 0, 41,,,,,5,,0,184,1358,93,,281,3,000097,97,7529,80,,110,999,47,3,81
91WN00162, 91000291,91,00,00291,3,00,58,-0-,2,2,5,5,4.0,4,4,3,143,83,1,100,54,530, 0, 0, 0, 0, 24,,,,,5,,0,211,1251,93,,281,3,000097,97,4549,80,,74,774,47,3,61
91WN00163, 91000292,91,00,00292,3,00,59,-0-,2,1,3,2,3.0,3,3,3,143,83,1,100,84,892, 0, 0, 0, 0, 36,,,,,5,,0,184,1098,93,21,281,3,000097,97,5998,80,,117,999,65,3,88
91WN00164, 91000293,91,00,00293,2,00,58,-0-,2,2,5,5,3.0,3,3,3,143,30,0,100,26,533, 0, 0, 0, 0, 26,,,,,5,,0,199,1359,97,,227,3,000097,97,6406,80,,74,,47,7,0
91WN00165, 91000294,91,00,00294,2,00,58,-0-,2,2,5,5,3.0,3,3,3,143,83,2,100,77,807, 0, 0, 0, 0, 39,,,,,5,,0,184,1358,93,,281,3,000097,97,7529,80,,107,999,47,3,85
91WN00166, 91000295,91,00,00295,2,00,58,-0-,2,2,5,5,3.0,3,3,3,143,83,1,100,61,614, 0, 0, 0, 0, 27,,,,,5,,0,199,1359,93,,281,3,000097,97,6406,80,,84,865,47,3,69
91WN00167, 91000296,91,00,00296,2,00,58,-0-,3,1,7,2,5.0,5,4,3,143,30,0,100,28,600, 0, 0, 0, 0, 28,,,,,5,,0,232,1218,97,,227,3,000097,97,2625,80,,82,,45,7,0
91WN00168, 91000297,91,00,00297,2,00,59,-0-,3,2,8,5,7.0,7,5,3,143,83,10,100,52,506, 0, 0, 0, 0, 26,,,,,5,,0,236,1378,97,,268,3,000097,97,7268,94,,71,777,65,7,0
91WN00169, 91000298,91,00,00298,2,00,59,-0-,3,2,8,5,7.0,7,5,3,143,30,0,100,24,467, 0, 0, 0, 0, 24,,,,,5,,0,236,1378,97,,227,3,000097,97,7268,94,,66,,65,7,0
91WN00170, 91000299,91,00,00299,2,00,58,-0-,2,2,5,5,4.0,4,4,3,143,83,2,100,55,542, 0, 0, 0, 0, 23,,,,,5,,0,211,1251,93,,281,3,000097,97,4549,80,,75,812,47,3,66
91WN00171, 91036481,91,03,L6481,3,82,30,P-6,2,2,5,5,1.0,1,1,1,86,132,23,67,76,525, 8, 0, 0, 0, 55,,,,1,1,1,0,213,1270,93,90,321,,413603,03,4986,03,,70,584,82,*,93
91WN00172, 91036482,91,03,L6482,3,82,30,P-6,2,2,5,5,1.0,1,1,1,86,132,3,78,74,502, 8, 0, 0, 0, 54,Rum,,,1,1,2,0,213,1270,,,,,413603,03,4986,03,,68,535,82,9,91
91WN00173, 91036483,91,03,L6483,2,82,30,P-5,1,1,1,1,1.0,1,1,1,86,132,4,76,82,564, 6, 0, 0, 0, 61,025,,,1,1,1,0,203,1138,93,16,281,,346703,03,5007,03,,75,539,82,2,92
91WN00174, 91036485,91,03,L6485,2,81,30,P-3,2,1,3,2,1.0,1,1,1,87,131,10,90,94,649, 5, 0, 0, 0, 71,p12,,,1,1,1,0,213,1274,,,,,358703,03,5291,03,,87,654,81,P,107
91WN00175, 91036486,91,03,L6486,3,81,30,P-3,2,1,3,2,1.0,1,1,1,87,131,21,86,107,751, 6, 0, 0, 0, 82,,,,1,1,1,0,213,1274,93,,281,,358703,03,5291,03,,99,746,81,3,121
91WN00176, 91036487,91,03,L6487,2,82,30,P-6,3,1,7,2,1.0,1,1,1,87,131,22,54,73,516, 5, 0, 0, 0, 59,p24,,,2,1,1,0,223,1128,,,,,413603,03,5283,03,,67,537,82,C,86
91WN00177, 91036488,91,03,L6488,2,80,30,P-2,2,1,3,2,1.0,1,1,1,87,131,25,68,68,467, 6, 0, 0, 0, 53,,,,1,1,1,0,213,1118,93,,281,,429203,03,5052,03,,63,492,80,3,65
91WN00178, 91036489,91,03,L6489,2,82,30,P-5,1,1,1,1,1.0,1,1,1,87,131,7,94,91,623, 3, 0, 0, 0, 68,p01,,,1,1,1,0,203,1160,,,,,346703,03,5372,03,,84,603,82,1,98
91WN00179, 91036490,91,03,L6490,2,82,30,P-5,2,2,5,5,1.0,1,1,1,87,131,19,82,79,540, 5, 0, 0, 0, 61,p21,,,2,1,1,0,213,1284,,,,,346703,03,5299,03,,73,633,82,C,92
91WN00180, 91036491,91,03,L6491,2,82,30,P-5,2,2,5,5,1.0,1,1,1,87,131,6,76,73,499, 5, 0, 0, 0, 55,023,,,2,1,1,0,213,1284,93,,281,,346703,03,5299,03,,68,575,82,2,83
91WN00181, 91036492,91,03,L6492,2,81,30,P-4,1,1,1,1,1.0,1,1,1,87,131,26,82,81,556, 5, 0, 0, 0, 64,PPL,,,2,4,1,0,203,1146,93,02,256,,373703,03,4797,03,,75,561,81,5,95
91WN00182, 91036494,91,03,L6494,3,82,30,P-6,2,1,3,2,1.0,1,1,1,87,131,8,63,79,555, 4, 0, 0, 0, 61,,,,1,1,3,0,213,1132,93,,281,,413603,03,5109,03,,73,533,82,*,90
91WN00183, 91036495,91,03,L6495,3,83,30,P-7,1,1,1,1,1.0,1,1,1,87,131,25,76,67,453, 5, 0, 0, 0, 47,,,,1,1,2,0,203,1114,93,,281,,354103,03,5243,03,,62,441,83,*,68
91WN00184, 91036496,91,03,L6496,2,82,30,P-6,1,1,1,1,1.0,1,1,1,87,131,25,100,90,611, 0, 0, 0, 0, 69,p12,,,,1,,0,203,1162,,,,,413603,03,4884,03,,83,614,82,1,98
91WN00185, 91036497,91,03,L6497,3,80,30,P-2,2,1,3,2,1.0,1,1,1,88,130,21,59,81,578, 6, 0, 0, 0, 62,,,,1,1,1,0,213,1142,93,,321,,429203,03,5197,03,,75,574,80,*,97
91WN00186, 91036498,91,03,L6498,2,81,30,P-4,1,1,1,1,1.0,1,1,1,88,130,3,70,72,500, 4, 0, 0, 0, 50,026,,,1,1,1,0,203,1122,92,,262,,373703,03,5581,03,,67,476,81,2,82
91WN00187, 91036499,91,03,L6499,3,82,30,P-6,1,1,1,1,1.0,1,1,1,88,130,22,115,99,673, 6, 0, 0, 0, 78,,,,1,1,1,0,203,1178,93,,281,,413603,03,5190,03,,92,658,82,3,112
91WN00188, 91036500,91,03,L6500,2,81,30,P-3,2,2,5,5,1.0,1,1,1,88,130,17,80,77,531, 7, 0, 0, 0, 57,p12,,,2,1,2,0,213,1292,,,,,358703,03,5123,03,,72,623,81,P,88
91WN00189, 91036501,91,03,L6501,3,81,30,P-3,2,2,5,5,1.0,1,1,1,88,130,33,78,75,517, 5, 0, 0, 0, 59,,,,2,1,2,0,213,1292,93,,321,,358703,03,5123,03,,70,592,81,*,94
91WN00190, 91036503,91,03,L6503,2,81,30,P-4,2,1,3,2,1.0,1,1,1,88,130,6,65,82,581, 3, 0, 0, 0, 61,021,,,1,1,1,0,213,1142,92,,262,,373703,03,5823,03,,76,582,81,2,91
91WN00191, 91036506,91,03,L6506,2,82,30,P-5,2,1,3,2,1.0,1,1,1,89,129,6,78,83,583, 7, 0, 0, 0, 64,027,,,1,1,1,0,213,1146,92,,262,,346703,03,4888,03,,78,585,82,2,93
91WN00192, 91036507,91,03,L6507,3,82,30,P-5,2,1,3,2,1.0,1,1,1,89,129,15,78,86,606, 6, 0, 0, 0, 66,,,,2,1,2,0,213,1150,93,,321,,346703,03,4819,03,,81,595,82,*,95
91WN00193, 91036509,91,03,L6509,2,83,30,P-7,1,1,1,1,1.0,1,1,1,89,129,23,74,90,640, 4, 0, 0, 0, 67,p02,,,1,1,1,0,203,1166,,,,,354103,03,5690,03,,84,643,83,1,102
91WN00194, 91036512,91,03,L6512,3,83,30,P-8,2,1,3,2,1.0,1,1,1,89,129,7,78,99,707, 6, 0, 0, 0, 75,,,,1,1,1,0,213,1174,93,,281,,361303,03,4935,03,,93,686,83,3,107
91WN00195, 91036514,91,03,L6514,2,80,30,P-1,1,1,1,1,1.0,1,1,1,89,129,1,85,97,686, 6, 0, 0, 0, 77,p01,,,1,1,1,0,203,1172,,,,,362403,03,4940,03,,91,660,80,W,112
91WN00196, 91036516,91,03,L6516,2,82,30,P-6,3,1,7,2,1.0,1,1,1,89,129,21,51,63,449, 6, 0, 0, 0, 59,023,,,1,1,1,0,223,1110,93,,281,,413603,03,4966,03,,59,471,82,2,78
91WN00197, 91036518,91,03,L6518,2,82,30,P-6,2,1,3,2,1.0,1,1,1,89,129,27,88,94,660, 4, 0, 0, 0, 73,p23,,,2,1,1,0,213,1174,,,,,413603,03,5704,03,,88,690,82,C,109
91WN00198, 91036520,91,03,L6520,3,81,30,P-4,2,1,3,2,1.0,1,1,1,89,129,1,85,83,578, 7, 0, 0, 0, 66,,,,1,1,1,0,213,1140,93,,321,,373703,03,5230,03,,78,549,81,*,90
91WN00199, 91036521,91,03,L6521,2,83,30,P-8,1,1,1,1,1.0,1,1,1,89,129,26,79,67,458, 3, 0, 0, 0, 55,026,,,1,1,1,0,203,1120,92,,262,,361303,03,4772,03,,63,465,83,2,82
91WN00200, 91036522,91,03,L6522,2,83,30,P-7,3,1,7,2,1.0,1,1,1,89,129,24,57,79,568, 5, 0, 0, 0, 62,p01,,,2,1,1,0,223,1144,,,,,354103,03,5097,03,,74,594,83,W,89
91WN00201, 91036525,91,03,L6525,2,82,30,P-5,2,1,3,2,1.0,1,1,1,89,129,19,64,74,524, 4, 0, 0, 0, 56,p22,,,1,1,1,0,213,1132,,,,,346703,03,5011,03,,69,543,82,C,85
91WN00202, 91036527,91,03,L6527,2,82,30,P-6,2,2,5,5,1.0,1,1,1,90,128,3,84,77,536, 4, 0, 0, 0, 57,021,,,1,1,1,0,213,1282,92,,262,,413603,03,5189,03,,73,612,82,2,92
91WN00203, 91036528,91,03,L6528,2,82,30,P-6,2,2,5,5,1.0,1,1,1,90,128,2,86,73,503, 4, 0, 0, 0, 56,028,,,1,1,1,0,213,1282,93,,281,,413603,03,5189,03,,69,577,82,2,80
91WN00204, 91036529,91,03,L6529,2,80,30,P-2,1,1,1,1,1.0,1,1,1,90,128,12,101,78,530, 5, 0, 0, 0, 64,p01,,,1,1,1,0,203,1138,,,,,429203,03,5397,03,,74,520,80,W,87
91WN00205, 91036530,91,03,L6530,3,81,30,P-3,1,1,1,1,1.0,1,1,1,90,128,19,105,82,559, 5, 0, 0, 0, 72,,,,2,1,1,0,203,1146,93,,321,,358703,03,4868,03,,78,543,81,*,95
91WN00206, 91036531,91,03,L6531,3,82,30,P-5,2,1,3,2,1.0,1,1,1,90,128,19,87,93,659, 5, 0, 0, 0, 72,,,,1,1,1,0,213,1168,93,,281,,346703,03,4690,03,,88,655,82,3,104
91WN00207, 91036533,91,03,L6533,2,81,30,P-3,2,2,5,5,1.0,1,1,1,90,128,3,77,70,487, 7, 0, 0, 0, 52,023,,,2,1,1,0,213,1270,93,,281,,358703,03,5078,03,,66,563,81,2,82
91WN00208, 91036534,91,03,L6534,1,81,30,P-3,2,2,5,5,1.0,1,1,1,90,128,23,85,77,535, 7, 0, 0, 0, 54,,,,1,1,2,0,213,1270,93,,321,,358703,03,5078,03,,73,596,81,H,88
91WN00209, 91036535,91,03,L6535,2,81,30,P-3,1,1,1,1,1.0,1,1,1,90,128,18,68,78,556, 6, 0, 0, 0, 60,025,,,1,1,1,0,203,1140,93,,281,,358703,03,5349,03,,74,554,81,2,89
91WN00210, 91036536,91,03,L6536,2,83,30,P-7,2,1,3,2,1.0,1,1,1,90,128,33,61,79,570, 8, 0, 0, 0, 61,021,,,1,1,1,0,213,1148,92,,262,,354103,03,4980,03,,74,609,83,2,90
91WN00211, 91036538,91,03,L6538,2,82,30,P-5,1,1,1,1,1.0,1,1,1,91,127,3,87,68,467, 7, 0, 0, 0, 53,026,,,1,1,1,0,203,1118,92,,262,,346703,03,4983,03,,65,447,82,2,78
91WN00212, 91036540,91,03,L6540,3,82,30,P-6,2,1,3,2,1.0,1,1,1,91,127,23,73,89,643, 7, 0, 0, 0, 66,,,,1,1,2,0,213,1162,93,16,281,,413603,03,4851,03,,84,645,82,3,106
91WN00213, 91036542,91,03,L6542,2,81,30,P-3,2,1,3,2,1.0,1,1,1,91,127,25,60,84,614, 4, 0, 0, 0, 64,PPL,,,1,1,1,0,213,1156,93,14,256,,358703,03,5624,03,,80,644,81,5,96
91WN00214, 91036543,91,03,L6543,2,81,30,P-3,1,1,1,1,1.0,1,1,1,91,82,0,93,60,618, 0, 0, 0, 0, 60,,,,,1,,0,203,1144,10,,188,,358703,03,5301,03,,83,,81,7,0
91WN00215, 91036544,91,03,L6544,3,82,30,P-5,2,1,3,2,1.0,1,1,1,91,127,13,77,71,498, 5, 0, 0, 0, 51,,,,2,1,1,0,213,1122,93,,321,,346703,03,5379,03,,68,487,82,*,82
91WN00216, 91036546,91,03,L6546,2,82,30,P-6,2,1,3,2,1.0,1,1,1,91,127,34,68,65,458, 5, 0, 0, 0, 59,p22,,,1,1,1,0,213,1122,,,,,413603,03,4735,03,,62,500,82,C,73
91WN00217, 91036548,91,03,L6548,3,81,30,P-3,1,1,1,1,1.0,1,1,1,91,127,12,108,93,647, 8, 0, 0, 0, 72,,,,1,1,1,0,203,1166,93,,281,,358703,03,5077,03,,88,623,81,*,104
91WN00218, 91036549,91,03,L6549,2,82,30,P-6,2,2,5,4,1.0,1,1,1,91,127,15,78,79,561, 6, 0, 0, 0, 57,022,,,1,1,1,0,213,1280,92,,262,,413603,03,5146,03,,75,621,82,2,90
91WN00219, 91036550,91,03,L6550,2,82,30,P-6,2,2,5,6,1.0,1,1,1,91,127,5,59,66,473, 4, 0, 0, 0, 48,024,,,1,1,1,0,213,1280,93,,281,,413603,03,5146,03,,63,563,82,2,72
91WN00220, 91036551,91,03,L6551,3,82,30,P-6,1,1,1,1,1.0,1,1,1,91,127,15,86,74,515, 5, 0, 0, 0, 56,,,,1,1,1,0,203,1130,93,,321,,413603,03,4799,03,,70,495,82,*,84
91WN00221, 91036552,91,03,L6552,3,80,30,P-2,2,1,3,2,1.0,1,1,1,91,127,32,61,83,606, 5, 0, 0, 0, 63,,,,2,1,1,0,213,1154,93,,321,,429203,03,4719,03,,79,620,80,*,94
91WN00222, 91036554,91,03,L6554,3,83,30,P-8,2,1,3,2,1.0,1,1,1,91,127,11,88,88,624, 7, 0, 0, 0, 70,,,,2,1,1,0,213,1156,93,,281,,361303,03,4965,03,,84,610,83,*,104
91WN00223, 91036556,91,03,L6556,2,81,30,P-3,1,1,1,1,1.0,1,1,1,91,127,29,97,99,703, 6, 0, 0, 0, 75,p11,,,2,1,1,0,203,1188,,,,,358703,03,5598,03,,94,717,81,P,111
91WN00224, 91036557,91,03,L6557,3,80,30,P-2,2,1,3,2,1.0,1,1,1,91,127,10,74,88,635, 4, 0, 0, 0, 65,,,,2,1,1,0,213,1156,93,,321,,429203,03,4842,03,,84,620,80,*,100
91WN00225, 91036559,91,03,L6559,1,82,30,323,3,3,9,8,2.0,2,2,1,91,127,29,62,69,494, 5, 0, 0, 0, 54,,,,1,1,2,0,265,1302,93,,321,,369803,03,3945,03,,66,601,82,H,76
91WN00226, 91036560,91,03,L6560,1,82,30,323,3,3,9,8,2.0,2,2,1,91,127,4,73,66,462, 8, 0, 0, 0, 49,,,,2,1,5,0,265,1302,93,,321,,369803,03,3945,03,,63,537,82,H,75
91WN00227, 91036561,91,03,L6561,2,82,30,323,3,3,9,8,2.0,2,2,1,91,127,8,64,60,422, 4, 0, 0, 0, 43,008,,,1,1,1,0,265,1302,92,,262,,369803,03,3945,03,,57,501,82,2,67
91WN00228, 91036562,91,03,L6562,2,81,30,P-4,1,1,1,1,1.0,1,1,1,92,126,7,72,62,435, 4, 0, 0, 0, 49,026,,,3,1,2,0,203,1108,92,,262,,373703,03,5609,03,,59,421,81,2,70
91WN00229, 91036564,91,03,L6564,2,83,30,P-8,2,1,3,2,1.0,1,1,1,92,126,11,78,90,652, 5, 0, 0, 0, 68,PPL,,,1,1,1,0,213,1166,93,16,256,,361303,03,5113,03,,86,665,83,5,103
91WN00230, 91036565,91,03,L6565,2,83,30,P-7,2,2,5,5,1.0,1,1,1,92,126,23,75,79,567,10, 0, 0, 0, 65,p12,,,1,1,1,0,213,1300,,,,,354103,03,5362,03,,76,671,83,P,86
91WN00231, 91036566,91,03,L6566,3,83,30,P-7,2,2,5,5,1.0,1,1,1,92,126,1,86,76,535, 6, 0, 0, 0, 53,,,,1,1,2,0,213,1300,93,,321,,354103,03,5362,03,,73,573,83,*,88
91WN00232, 91036567,91,03,L6567,2,81,30,P-4,2,2,5,5,1.0,1,1,1,92,126,7,77,75,534, 6, 0, 0, 0, 52,p12,,,1,1,1,0,213,1272,,,,,373703,03,5411,03,,72,617,81,P,81
91WN00233, 91036568,91,03,L6568,2,81,30,P-4,2,2,5,5,1.0,1,1,1,92,126,15,87,65,447, 6, 0, 0, 0, 53,024,,,1,1,1,0,213,1272,93,,281,,373703,03,5411,03,,62,541,81,2,71
91WN00234, 91036569,91,03,L6569,2,80,30,P-2,3,2,8,5,1.0,1,1,1,92,126,26,51,51,364, 6, 0, 0, 0, 37,OUT,,,1,1,1,0,223,1234,93,,281,,429203,03,4946,03,,49,472,80,3,63
91WN00235, 91036570,91,03,L6570,2,80,30,P-2,3,2,8,5,1.0,1,1,1,92,126,15,58,67,486, 6, 0, 0, 0, 51,023,,,1,1,1,0,223,1234,93,,281,,429203,03,4946,03,,64,580,80,2,79
91WN00236, 91036571,91,03,L6571,2,81,30,P-4,1,1,1,1,1.0,1,1,1,92,126,5,78,66,462, 5, 0, 0, 0, 51,029,,,1,1,1,0,203,1116,93,,281,,373703,03,4873,03,,63,445,81,2,77
91WN00237, 91036572,91,03,L6572,2,81,30,P-3,2,2,5,5,1.0,1,1,1,92,126,25,75,78,560, 8, 0, 0, 0, 62,p11,,,1,1,1,0,213,1302,,,,,358703,03,5081,03,,75,667,81,P,92
91WN00238, 91036573,91,03,L6573,3,81,30,P-3,2,2,5,5,1.0,1,1,1,92,126,5,72,77,554, 7, 0, 0, 0, 52,,,,1,1,2,0,213,1302,93,,321,,358703,03,5081,03,,74,597,81,*,87
91WN00239, 91036574,91,03,L6574,3,80,30,P-1,2,1,3,2,1.0,1,1,1,92,126,18,67,89,653, 8, 0, 0, 0, 66,,,,1,1,1,0,213,1162,93,16,321,,362403,03,5390,03,,85,650,80,*,99
91WN00240, 91036576,91,03,L6576,3,81,30,P-3,2,1,3,2,1.0,1,1,1,92,126,13,93,83,585, 6, 0, 0, 0, 61,,,,2,1,2,0,213,1148,93,,321,,358703,03,5710,03,,79,575,81,*,94
91WN00241, 91036578,91,03,L6578,3,83,30,P-8,1,1,1,1,1.0,1,1,1,92,126,18,102,85,594, 8, 0, 0, 0, 68,,,,1,1,1,0,203,1154,93,,281,,361303,03,4830,03,,81,579,83,*,100
91WN00242, 91036579,91,03,L6579,3,81,30,P-3,2,1,3,2,1.0,1,1,1,92,126,17,89,84,596, 5, 0, 0, 0, 60,,,,1,1,2,0,213,1152,93,,321,,358703,03,4815,03,,80,592,81,*,98
91WN00243, 91036581,91,03,L6581,2,81,30,P-4,1,1,1,1,1.0,1,1,1,92,126,21,81,70,491, 4, 0, 0, 0, 56,026,,,2,1,1,0,203,1128,92,,262,,373703,03,5273,03,,67,495,81,2,82
91WN00244, 91036582,91,03,L6582,2,81,30,P-4,2,1,3,2,1.0,1,1,1,92,126,1,60,77,563, 4, 0, 0, 0, 55,022,,,1,1,1,0,213,1136,92,,262,,373703,03,5263,03,,74,563,81,2,87
91WN00245, 91036584,91,03,L6584,3,80,30,P-2,1,1,1,1,1.0,1,1,1,92,126,18,101,96,682, 6, 0, 0, 0, 75,,,,1,1,1,0,203,1176,93,,281,,429203,03,4693,03,,92,667,80,3,104
91WN00246, 91036585,91,03,L6585,2,81,30,P-4,2,1,3,2,1.0,1,1,1,92,126,16,80,71,500, 4, 0, 0, 0, 59,031,,,1,1,1,0,213,1128,93,,281,,373703,03,5103,03,,68,519,81,2,73
91WN00247, 91036588,91,03,L6588,2,82,30,P-5,2,1,3,2,1.0,1,1,1,92,126,19,64,74,537, 4, 0, 0, 0, 55,022,,,2,1,1,0,213,1136,92,,262,,346703,03,4952,03,,71,560,82,2,84
91WN00248, 91036589,91,03,L6589,2,80,30,P-2,2,1,3,2,1.0,1,1,1,92,126,7,58,68,494, 5, 0, 0, 0, 50,p02,,,1,1,1,0,213,1120,,,,,429203,03,5218,03,,65,501,80,W,79
91WN00249, 91036592,91,03,L6592,2,80,30,301,3,2,8,5,5.0,5,4,1,93,125,8,85,73,516, 6, 0, 0, 0, 58,002,,,2,1,1,0,225,1064,92,,262,,395803,03,9064,02,,70,545,80,2,86
91WN00250, 91036593,91,03,L6593,2,80,30,301,3,2,8,5,5.0,5,4,1,93,125,32,82,64,446, 6, 0, 0, 0, 58,006,,,1,1,1,0,225,1064,92,,262,,395803,03,9064,02,,62,506,80,2,75
91WN00251, 91036594,91,03,L6594,2,81,30,P-4,2,2,5,5,1.0,1,1,1,93,125,12,60,49,344, 6, 0, 0, 0, 40,,,,1,1,1,0,213,1160,93,,281,,373703,03,5037,03,,47,435,81,3,63
91WN00252, 91036595,91,03,L6595,2,81,30,P-4,2,2,5,5,1.0,1,1,1,93,125,24,54,32,213, 4, 0, 0, 0, 25,,,,1,1,1,0,213,1160,93,,281,,373703,03,5037,03,,31,320,81,3,44
91WN00253, 91036596,91,03,L6596,3,81,30,P-4,1,1,1,1,1.0,1,1,1,93,125,12,93,79,558, 8, 0, 0, 0, 64,,,,1,1,2,0,203,1142,93,,321,,373703,03,5673,03,,76,537,81,*,88
91WN00254, 91036597,91,03,L6597,3,82,30,P-6,1,1,1,1,1.0,1,1,1,93,125,15,87,96,698, 6, 0, 0, 0, 72,,,,1,1,2,0,203,1176,93,,281,,413603,03,5633,03,,93,680,82,3,107
91WN00255, 91036598,91,03,L6598,2,81,30,P-3,2,1,3,2,1.0,1,1,1,93,125,28,78,90,658, 7, 0, 0, 0, 67,p12,,,2,1,1,0,213,1172,,,,,358703,03,4869,03,,87,694,81,P,99
91WN00256, 91036600,91,03,L6600,2,81,30,314,2,2,5,5,2.0,2,2,1,93,125,8,94,67,461, 6, 0, 0, 0, 48,OUT,,,2,1,1,0,198,1237,93,15,281,,439603,03,3448,03,,65,533,81,3,81
91WN00257, 91036601,91,03,L6601,1,81,30,314,2,2,5,5,2.0,2,2,1,93,125,26,85,79,564, 6, 0, 0, 0, 56,,,,2,1,1,0,198,1237,93,,266,,439603,03,3448,03,,76,619,81,3,90
91WN00258, 91036604,91,03,L6604,2,81,30,313,3,1,7,2,2.0,2,2,1,93,125,21,65,56,396, 6, 0, 0, 0, 46,008,,,2,1,1,0,232,1022,92,,262,,434303,03,4277,03,,54,409,81,2,66
91WN00259, 91036605,91,03,L6605,2,82,30,P-6,2,2,5,6,1.0,1,1,1,93,125,16,79,61,425, 4, 0, 0, 0, 51,p23,,,1,1,1,0,213,1278,,,,,413603,03,5054,03,,59,531,82,C,77
91WN00260, 91036606,91,03,L6606,3,82,30,P-6,2,2,5,4,1.0,1,1,1,93,125,11,106,82,571, 5, 0, 0, 0, 62,,,,2,1,2,0,213,1278,93,,321,,413603,03,5054,03,,79,634,82,*,94
91WN00261, 91036607,91,03,L6607,3,82,30,P-6,2,1,3,2,1.0,1,1,1,93,125,5,59,76,561, 4, 0, 0, 0, 53,,,,2,1,2,0,213,1134,93,14,321,,413603,03,5071,03,,73,542,82,*,85
91WN00262, 91036609,91,03,L6609,2,83,30,P-7,1,1,1,1,1.0,1,1,1,93,125,10,97,79,554, 5, 0, 0, 0, 60,025,,,1,1,1,0,203,1144,93,,281,,354103,03,4948,03,,76,545,83,2,92
91WN00263, 91036610,91,03,L6610,3,80,30,P-1,1,1,1,1,1.0,1,1,1,93,125,13,94,83,589, 7, 0, 0, 0, 60,,,,1,1,1,0,203,1150,93,,321,,362403,03,5466,03,,80,569,80,*,96
91WN00264, 91036611,91,03,L6611,2,83,30,P-8,1,1,1,1,1.0,1,1,1,93,125,22,70,64,456, 6, 0, 0, 0, 46,,,,2,1,1,0,203,1118,97,,249,,361303,03,5259,03,,62,463,83,2,0
91WN00265, 91036612,91,03,L6612,2,82,30,P-5,1,1,1,1,1.0,1,1,1,93,125,4,96,89,635, 8, 0, 0, 0, 70,p22,,,1,1,1,0,203,1162,,,,,346703,03,4727,03,,86,618,82,C,101
91WN00266, 91036613,91,03,L6613,2,80,30,P-2,1,1,1,1,1.0,1,1,1,93,125,24,108,96,682, 5, 0, 0, 0, 75,p02,,,2,1,1,0,203,1182,,,,,429203,03,5555,03,,93,691,80,W,105
91WN00267, 91036614,91,03,L6614,3,83,30,333,2,2,5,5,2.0,2,2,1,93,125,27,58,65,474, 4, 0, 0, 0, 48,,,,1,1,2,0,215,1165,93,79,350,,421203,03,3407,03,,63,533,83,*,77
91WN00268, 91036615,91,03,L6615,2,83,30,333,2,2,5,5,2.0,2,2,1,93,125,27,59,60,433, 4, 0, 0, 0, 42,017,,,2,1,1,0,215,1165,92,14,262,,421203,03,3407,03,,58,530,83,2,74
91WN00269, 91036616,91,03,L6616,2,81,30,P-4,1,1,1,1,1.0,1,1,1,93,125,7,76,64,451, 4, 0, 0, 0, 50,030,,,1,1,1,0,203,1114,93,,281,,373703,03,5395,03,,62,438,81,2,75
91WN00270, 91036617,91,03,L6617,2,82,30,P-6,2,2,5,5,1.0,1,1,2,94,125,7,74,67,477,10, 0, 0, 0, 49,023,,,1,1,1,0,213,1254,93,,281,,413603,03,4909,03,,65,543,82,2,79
91WN00271, 91036618,91,03,L6618,3,82,30,P-6,2,2,5,5,1.0,1,1,2,94,125,21,80,68,480,10, 0, 0, 0, 48,,,,1,1,1,0,213,1254,93,,350,,413603,03,4909,03,,66,527,82,*,80
91WN00272, 91036619,91,03,L6619,2,83,30,332,2,2,5,5,2.0,2,2,2,94,125,10,94,73,509, 5, 0, 0, 0, 55,p11,,,1,1,1,0,198,1246,,,,,417003,03,3819,03,,70,565,83,P,84
91WN00273, 91036620,91,03,L6620,2,83,30,332,2,2,5,5,2.0,2,2,2,94,125,23,90,75,528, 5, 0, 0, 0, 59,p12,,,1,1,1,0,198,1246,,,,,417003,03,3819,03,,72,601,83,P,85
91WN00274, 91036622,91,03,L6622,2,82,30,328,2,1,3,2,2.0,2,2,2,94,125,15,59,30,193, 7, 0, 0, 0, 26,,,,1,1,1,0,198,962,93,97,281,,416403,03,4017,03,,29,179,82,3,49
91WN00275, 91036623,91,03,L6623,3,82,30,325,1,1,1,1,3.0,3,3,1,94,124,25,119,91,638, 5, 0, 0, 0, 74,,,,1,1,1,0,174,1023,93,,281,,376603,03,2023,03,,88,595,82,*,101
91WN00276, 91036625,91,03,L6625,2,81,30,P-4,2,1,3,2,1.0,1,1,1,94,124,3,82,72,515, 7, 0, 0, 0, 57,029,,,1,1,1,0,213,1130,93,,281,,373703,03,5005,03,,70,520,81,2,79
91WN00277, 91036628,91,03,L6628,2,82,30,P-5,1,1,1,1,1.0,1,1,1,94,124,1,71,54,378, 0, 0, 0, 0, 39,,,,,1,,0,203,1090,93,16,281,,346703,03,5369,03,,52,,82,3,60
91WN00278, 91036629,91,03,L6629,2,83,30,P-8,2,2,5,5,1.0,1,1,2,94,125,5,75,86,628, 5, 0, 0, 0, 60,p12,,,1,1,1,0,213,1308,,16,,,361303,03,5270,03,,83,691,83,P,96
91WN00279, 91036630,91,03,L6630,2,83,30,P-8,2,2,5,5,1.0,1,1,2,94,125,12,73,76,550, 5, 0, 0, 0, 58,p11,,,1,1,1,0,213,1308,,16,,,361303,03,5270,03,,73,623,83,P,87
91WN00280, 91036631,91,03,L6631,3,80,30,301,3,1,7,2,2.0,2,2,H,94,126,1,62,86,633, 0, 0, 0, 0, 71,,,,,1,,0,232,1175,93,,321,,395803,03,4062,03,,82,593,80,*,100
91WN00281, 91036633,91,03,L6633,2,80,30,301,3,1,7,2,2.0,2,2,3,94,132,13,57,76,533, 0, 0, 0, 0, 44,p02,,,,1,,0,232,1175,,,,,395803,03,4062,03,,70,527,80,1,85
91WN00282, 91036635,91,03,L6635,3,83,30,333,2,1,3,2,4.0,4,4,2,94,125,19,86,91,659, 5, 0, 0, 0, 66,,,,2,1,2,0,222,1078,93,14,281,,421203,03,0648,03,,88,583,83,*,103
91WN00283, 91036636,91,03,L6636,2,82,30,P-5,2,1,3,2,1.0,1,1,1,94,124,22,45,54,399, 6, 0, 0, 0, 42,032,,,1,1,1,0,213,1100,93,,281,,346703,03,4953,03,,52,428,82,2,70
91WN00284, 91036637,91,03,L6637,2,82,30,P-6,2,1,3,2,1.0,1,1,1,94,124,5,88,93,679, 7, 0, 0, 0, 70,p12,,,1,1,1,0,213,1172,,,,,413603,03,4850,03,,90,686,82,1,100
91WN00285, 91036640,91,03,L6640,2,83,30,P-7,2,1,3,2,1.0,1,1,1,94,124,4,74,70,505, 5, 0, 0, 0, 56,021,,,1,1,1,0,213,1126,92,,262,,354103,03,5447,03,,68,511,83,2,93
91WN00286, 91036641,91,03,L6641,2,83,30,P-8,2,1,3,2,1.0,1,1,1,94,124,22,65,81,601, 6, 0, 0, 0, 68,p02,,,1,1,1,0,213,1154,,,,,361303,03,5065,03,,79,630,83,W,97
91WN00287, 91036643,91,03,L6643,2,82,30,P-6,1,1,1,1,1.0,1,1,1,94,124,23,88,87,631, 4, 0, 0, 0, 66,p22,,,2,1,1,0,203,1166,,,,,413603,03,5418,03,,84,640,82,C,95
91WN00288, 91036644,91,03,L6644,3,83,30,332,2,1,3,2,5.0,5,4,1,94,124,22,83,92,675, 4, 0, 0, 0, 72,,,,3,1,1,0,203,1305,93,,281,,417003,03,9081,02,,89,622,83,3,104
91WN00289, 91036646,91,03,L6646,2,81,30,312,2,2,5,5,3.5,3,3,2,94,125,2,83,58,398, 4, 0, 0, 0, 41,018,,,2,1,1,0,217,1143,92,,262,,385603,03,1275,03,,56,418,81,2,70
91WN00290, 91036647,91,03,L6647,3,81,30,312,2,2,5,5,3.5,3,3,2,94,125,3,80,70,496, 8, 0, 0, 0, 55,,,,2,1,1,0,217,1143,93,,321,,385603,03,1275,03,,68,479,81,*,78
91WN00291, 91036649,91,03,L6649,3,81,30,P-4,1,1,1,1,1.0,1,1,1,94,124,6,67,78,575, 7, 0, 0, 0, 57,,,,1,1,2,0,203,1138,93,,321,,373703,03,5246,03,,76,547,81,*,86
91WN00292, 91036651,91,03,L6651,2,81,30,312,3,2,8,5,3.0,3,3,2,94,125,17,79,68,481, 6, 0, 0, 0, 53,006,,,1,1,1,0,260,1128,92,,262,,385603,03,1919,03,,66,520,81,2,75
91WN00293, 91036652,91,03,L6652,2,81,30,312,3,2,8,5,3.0,3,3,2,94,125,20,88,77,546, 5, 0, 0, 0, 58,002,,,2,1,1,0,260,1128,92,,262,,385603,03,1919,03,,74,589,81,2,87
91WN00294, 91036654,91,03,L6654,2,81,30,314,3,1,7,2,2.0,2,2,2,95,124,6,79,80,581, 6, 0, 0, 0, 63,p11,,,2,1,1,0,232,1311,,,,,439603,03,4070,03,,78,557,81,P,90
91WN00295, 91036655,91,03,L6655,2,81,30,314,3,2,8,5,2.0,2,2,2,95,124,16,89,74,525, 6, 0, 0, 0, 58,p12,,,1,1,1,0,232,1311,,,,,439603,03,4070,03,,72,590,81,P,83
91WN00296, 91036656,91,03,L6656,2,81,30,314,3,2,8,5,2.0,2,2,2,95,124,12,87,76,543, 7, 0, 0, 0, 56,p11,,,2,1,1,0,232,1311,,,,,439603,03,4070,03,,74,602,81,P,83
91WN00297, 91036657,91,03,L6657,3,81,30,P-3,2,1,3,2,1.0,1,1,2,95,124,1,59,73,541, 6, 0, 0, 0, 52,,,,2,1,1,0,213,1234,93,,321,,358703,03,5215,03,,71,499,81,*,82
91WN00298, 91036658,91,03,L6658,3,81,30,P-3,2,1,3,2,1.0,1,1,2,95,124,4,91,92,669, 9, 0, 0, 0, 70,,,,1,1,1,0,213,1234,93,,281,,358703,03,5215,03,,89,631,81,*,101
91WN00299, 91036659,91,03,L6659,3,80,30,P-2,1,1,1,1,1.0,1,1,2,95,124,12,98,81,574, 6, 0, 0, 0, 61,,,,1,1,2,0,203,1142,93,,321,,429203,03,5024,03,,79,535,80,*,93
91WN00300, 91036660,91,03,L6660,1,80,30,302,2,2,5,5,3.0,3,3,2,95,124,3,88,78,558, 6, 0, 0, 0, 57,,,,2,1,2,0,217,1260,93,,266,,425203,03,1903,03,,76,539,80,3,84
91WN00301, 91036661,91,03,L6661,1,80,30,302,2,2,5,5,3.0,3,3,2,95,124,11,97,89,640, 4, 0, 0, 0, 67,,,,2,1,2,0,217,1260,97,,268,,425203,03,1903,03,,86,632,80,W,95
91WN00302, 91036662,91,03,L6662,3,83,30,P-7,2,2,5,6,1.0,1,1,2,95,124,11,69,62,444, 7, 0, 0, 0, 46,,,,1,1,2,0,213,1236,93,,321,,354103,03,4776,03,,60,526,83,*,75
91WN00303, 91036663,91,03,L6663,3,83,30,P-7,2,2,5,4,1.0,1,1,2,95,124,21,89,63,436, 7, 0, 0, 0, 50,Rum,,,1,1,1,0,213,1236,,,,,354103,03,4776,03,,61,495,83,9,74
91WN00304, 91036664,91,03,L6664,3,81,30,P-3,2,1,3,2,1.0,1,1,2,95,124,1,68,86,639, 6, 0, 0, 0, 64,,,,1,1,1,0,213,1214,93,,321,,358703,03,5064,03,,83,597,81,*,97
91WN00305, 91036665,91,03,L6665,2,81,30,P-3,2,1,3,2,1.0,1,1,2,95,124,4,91,73,515, 7, 0, 0, 0, 55,p11,,,1,1,1,0,213,1214,,,,,358703,03,5064,03,,71,502,81,P,87
91WN00306, 91036667,91,03,L6667,2,80,30,P-1,2,1,3,2,1.0,1,1,2,95,124,24,59,70,517, 7, 0, 0, 0, 55,022,,,1,1,1,0,213,1128,92,,262,,362403,03,4790,03,,68,530,80,2,84
91WN00307, 91036669,91,03,L6669,1,81,30,312,2,1,3,2,2.0,2,2,2,95,124,1,99,77,541, 5, 0, 0, 0, 53,,,,2,1,2,0,215,1043,93,,266,,385603,03,3861,03,,75,447,81,3,87
91WN00308, 91036671,91,03,L6671,1,83,30,334,2,2,5,4,5.0,5,4,2,95,124,2,106,91,648, 4, 0, 0, 0, 71,,,,1,1,2,0,170,943,,,,,422103,03,9096,02,,88,589,83,G,98
91WN00309, 91036672,91,03,L6672,2,83,30,334,2,2,5,6,5.0,5,4,2,95,124,26,88,73,518, 6, 0, 0, 0, 61,p02,,,1,1,1,0,170,943,,,,,422103,03,9096,02,,71,563,83,W,81
91WN00310, 91036673,91,03,L6673,3,83,30,332,1,1,1,1,2.0,2,2,2,95,124,7,104,93,666, 6, 0, 0, 0, 74,,,,1,1,1,0,181,1082,93,,281,,417003,03,3646,03,,90,606,83,*,101
91WN00311, 91036674,91,03,L6674,2,80,30,303,1,1,1,1,3.0,3,3,2,95,124,27,110,75,516, 9, 0, 0, 0, 67,p02,,,2,1,1,0,188,1090,,,,,427803,03,2215,03,,73,472,80,W,85
91WN00312, 91036675,91,03,L6675,3,82,30,321,1,1,1,1,2.0,2,2,2,95,124,24,92,86,619, 4, 0, 0, 0, 62,,,,1,1,2,0,198,1200,93,,321,,353103,03,4018,03,,84,582,82,*,97
91WN00313, 91036677,91,03,L6677,3,82,30,P-6,2,1,3,2,1.0,1,1,2,95,124,8,88,93,679, 3, 0, 0, 0, 73,,,,2,1,2,0,213,1164,93,,281,,413603,03,5467,03,,90,647,82,*,102
91WN00314, 91036678,91,03,L6678,1,83,30,333,2,2,5,5,3.0,3,3,2,95,124,12,95,89,641, 5, 0, 0, 0, 62,,,,2,1,2,0,203,1265,,,,,421203,03,2487,03,,86,634,83,G,98
91WN00315, 91036679,91,03,L6679,2,83,30,333,2,2,5,5,3.0,3,3,2,95,124,29,82,74,531, 5, 0, 0, 0, 59,p12,,,1,1,1,0,203,1265,,,,,421203,03,2487,03,,72,587,83,P,85
91WN00316, 91036681,91,03,L6681,1,81,30,313,3,2,8,5,2.0,2,2,2,95,124,5,80,81,589, 5, 0, 0, 0, 61,,,,2,1,2,0,232,1170,93,,321,,434303,03,3835,03,,79,599,81,H,88
91WN00317, 91036682,91,03,L6682,1,81,30,313,3,2,8,5,2.0,2,2,2,95,124,10,78,62,437, 5, 0, 0, 0, 50,,,,1,1,1,0,232,1170,93,,266,,434303,03,3835,03,,60,453,81,3,64
91WN00318, 91036683,91,03,L6683,2,80,30,P-2,1,1,1,1,1.0,1,1,2,95,124,4,102,86,611, 9, 0, 0, 0, 66,p01,,,1,1,1,0,203,1154,,,,,429203,03,5327,03,,84,577,80,W,96
91WN00319, 91036684,91,03,L6684,2,82,30,328,3,3,9,8,3.0,3,3,2,95,124,29,76,49,334,13, 0, 0, 0, 33,,,,1,1,1,0,245,1235,93,97,281,,416403,03,2453,03,,48,400,82,3,61
91WN00320, 91036685,91,03,L6685,1,82,30,328,3,3,9,8,3.0,3,3,2,95,124,28,89,71,501,13, 0, 0, 0, 56,,,,1,1,2,0,245,1235,93,,321,,416403,03,2453,03,,69,567,82,H,83
91WN00321, 91036686,91,03,L6686,1,82,30,328,3,3,9,8,3.0,3,3,2,95,124,13,100,60,403,10, 0, 0, 0, 50,,,,1,1,2,0,245,1235,93,,266,,416403,03,2453,03,,58,449,82,3,68
91WN00322, 91036689,91,03,L6689,2,81,30,P-3,1,1,1,1,1.0,1,1,2,95,124,1,113,101,723, 8, 0, 0, 0, 78,p12,,,2,1,1,0,203,1182,,,,,358703,03,5057,03,,98,685,81,P,111
91WN00323, 91036691,91,03,L6691,2,80,30,301,2,2,5,5,2.0,2,2,2,96,123,4,87,77,555, 6, 0, 0, 0, 57,011,,,1,1,1,0,198,1281,92,,262,,395803,03,3554,03,,75,605,80,2,87
91WN00324, 91036692,91,03,L6692,1,80,30,301,2,2,5,5,2.0,2,2,2,96,123,12,92,80,576, 9, 0, 0, 0, 63,,,,2,1,5,0,198,1281,93,95,266,,395803,03,3554,03,,78,596,80,3,88
91WN00325, 91036693,91,03,L6693,2,80,30,P-2,2,1,3,2,1.0,1,1,2,96,123,2,85,89,654, 5, 0, 0, 0, 70,p02,,,1,1,1,0,213,1160,,,,,429203,03,5807,03,,87,640,80,1,92
91WN00326, 91036696,91,03,L6696,2,81,30,313,1,1,1,1,3.0,3,3,2,96,123,29,101,80,568, 4, 0, 0, 0, 63,PPL,,,1,1,2,0,188,1081,93,14,256,,434303,03,2271,03,,78,528,81,5,89
91WN00327, 91036697,91,03,L6697,2,82,30,326,3,2,8,5,2.0,2,2,2,96,123,22,65,87,654, 6, 0, 0, 0, 53,p21,,,1,1,2,0,232,1184,,,,,391803,03,3960,03,,85,728,82,C,91
91WN00328, 91036698,91,03,L6698,1,82,30,326,3,2,8,5,2.0,2,2,2,96,123,2,75,42,280, 5, 0, 0, 0, 28,,,,1,1,2,0,232,1184,93,,266,,391803,03,3960,03,,41,287,82,3,44
91WN00329, 91036699,91,03,L6699,1,81,30,313,2,2,5,5,2.0,2,2,2,96,123,13,95,80,573, 5, 0, 0, 0, 61,,,,1,1,2,0,198,1276,10,,291,,434303,03,3762,03,,78,594,81,H,86
91WN00330, 91036700,91,03,L6700,1,81,30,313,2,2,5,5,2.0,2,2,2,96,123,2,100,87,626, 8, 0, 0, 0, 64,,,,2,1,2,0,198,1276,93,14,266,,434303,03,3762,03,,85,633,81,3,92
91WN00331, 91036702,91,03,L6702,1,82,30,328,2,2,5,5,2.0,2,2,2,96,123,17,96,77,548, 6, 0, 0, 0, 58,,,,1,1,2,0,198,1244,,,,,416403,03,3363,03,,75,575,82,C,83
91WN00332, 91036703,91,03,L6703,2,82,30,328,2,2,5,5,2.0,2,2,2,96,123,11,88,73,522, 7, 0, 0, 0, 53,p24,,,2,1,1,0,198,1244,,95,,,416403,03,3363,03,,71,581,82,C,84
91WN00333, 91036704,91,03,L6704,3,83,30,331,2,2,5,6,3.5,3,3,2,96,123,20,96,65,450, 6, 0, 0, 0, 53,,,,1,1,2,0,217,1220,93,14,321,,394303,03,1422,03,,64,505,83,*,78
91WN00334, 91036705,91,03,L6705,1,83,30,331,2,2,5,4,3.5,3,3,2,96,123,16,114,79,550, 7, 0, 0, 0, 64,,,,2,1,2,0,217,1220,93,,321,,394303,03,1422,03,,77,527,83,H,87
91WN00335, 91036706,91,03,L6706,2,81,30,311,1,1,1,1,2.0,2,2,2,96,123,10,114,85,598, 7, 0, 0, 0, 71,OUT,,,5,1,1,0,181,1071,93,34,281,,380103,03,3729,03,,83,559,81,3,85
91WN00336, 91036707,91,03,L6707,2,82,30,P-5,1,1,1,1,1.0,1,1,2,96,77,0,83,68,775, 0, 0, 0, 0, 68,,,,,1,,0,203,1180,97,,227,,346703,03,5386,03,,101,,82,7,0
91WN00337, 91036708,91,03,L6708,2,83,30,P-8,1,1,1,1,1.0,1,1,2,96,123,17,80,59,415, 6, 0, 0, 0, 36,026,,,1,1,1,0,203,1104,92,,262,,361303,03,5765,03,,58,399,83,2,72
91WN00338, 91036709,91,03,L6709,3,83,30,P-7,1,1,1,1,1.0,1,1,2,96,123,1,117,101,726, 6, 0, 0, 0, 73,,,,1,1,2,0,203,1180,93,21,281,,354103,03,5208,03,,99,674,83,3,110
91WN00339, 91036710,91,03,L6710,1,82,30,326,1,1,1,1,3.5,3,3,2,96,123,2,118,96,685, 5, 0, 0, 0, 70,,,,4,1,2,0,217,1045,,,,,391803,03,1735,03,,94,526,82,C,100
91WN00340, 91036712,91,03,L6712,3,83,30,P-7,2,1,3,2,1.0,1,1,2,96,123,6,111,93,666, 2, 0, 0, 0, 68,,,,1,1,2,0,213,1166,93,14,281,,354103,03,5094,03,,91,632,83,*,102
91WN00341, 91036713,91,03,L6713,2,82,30,321,2,2,5,5,5.0,5,4,2,96,123,13,93,80,575, 5, 0, 0, 0, 58,p22,,,2,1,1,0,203,1357,,16,,,353103,03,9514,02,,78,594,82,C,97
91WN00342, 91036714,91,03,L6714,1,82,30,321,2,2,5,5,5.0,5,4,2,96,123,2,98,85,611, 3, 0, 0, 0, 60,,,,1,1,2,0,203,1357,93,,266,,353103,03,9514,02,,83,575,82,3,96
91WN00343, 91036715,91,03,L6715,3,80,30,P-1,2,2,5,5,1.0,1,1,2,96,123,22,77,75,547, 9, 0, 0, 0, 53,Rum,,,1,1,2,0,213,1298,,14,,,362403,03,4923,03,,73,598,80,9,81
91WN00344, 91036716,91,03,L6716,3,80,30,P-1,2,2,5,5,1.0,1,1,2,96,123,27,78,78,571, 8, 0, 0, 0, 56,,,,1,1,1,0,213,1298,93,,321,,362403,03,4923,03,,76,628,80,*,91
91WN00345, 91036717,91,03,L6717,2,81,30,313,3,2,8,4,3.5,3,3,2,96,123,1,91,84,609, 6, 0, 0, 0, 66,p12,,,2,1,1,0,231,1574,,,,,434303,03,1739,03,,82,598,81,P,93
91WN00346, 91036718,91,03,L6718,2,81,30,313,3,2,8,6,3.5,3,3,2,96,123,1,71,80,593, 4, 0, 0, 0, 59,PPL,,,1,1,1,0,231,1574,93,02,256,,434303,03,1739,03,,78,624,81,5,87
91WN00347, 91036719,91,03,L6719,3,81,30,313,3,1,7,2,3.5,3,3,2,96,123,1,101,93,674, 6, 0, 0, 0, 68,,,,1,1,2,0,231,1574,93,14,321,,434303,03,1739,03,,91,594,81,*,100
91WN00348, 91036720,91,03,L6720,3,80,30,P-2,2,1,3,2,1.0,1,1,2,96,123,11,84,93,688, 6, 0, 0, 0, 72,,,,2,1,1,0,213,1168,93,,281,,429203,03,5185,03,,91,661,80,*,102
91WN00349, 91036722,91,03,L6722,2,81,30,311,2,2,5,5,2.0,2,2,2,96,123,1,95,82,589, 5, 0, 0, 0, 64,p12,,,1,1,1,0,215,1211,,,,,380103,03,3804,03,,80,635,81,P,93
91WN00350, 91036723,91,03,L6723,1,81,30,311,2,2,5,5,2.0,2,2,2,96,123,1,100,81,577, 8, 0, 0, 0, 58,,,,2,1,1,0,215,1211,93,,350,,380103,03,3804,03,,79,583,81,H,88
91WN00351, 91036724,91,03,L6724,2,81,30,314,2,2,5,5,2.0,2,2,2,96,123,16,86,70,499, 8, 0, 0, 0, 47,029,,,1,1,1,0,215,1022,93,,281,,439603,03,3507,03,,69,565,81,2,79
91WN00352, 91036725,91,03,L6725,2,81,30,314,2,2,5,5,2.0,2,2,2,96,123,13,86,71,507, 5, 0, 0, 0, 51,013,,,2,1,1,0,215,1022,92,,262,,439603,03,3507,03,,69,569,81,2,82
91WN00353, 91036726,91,03,L6726,1,81,30,311,2,2,5,4,4.0,4,4,2,96,123,1,110,90,642, 5, 0, 0, 0, 69,,,,1,1,2,0,209,1108,93,,266,,380103,03,0512,03,,88,582,81,3,98
91WN00354, 91036727,91,03,L6727,2,81,30,311,2,2,5,6,4.0,4,4,2,96,123,18,87,78,563, 8, 0, 0, 0, 57,027,,,1,1,1,0,209,1108,92,,262,,380103,03,0512,03,,76,599,81,2,92
91WN00355, 91036728,91,03,L6728,3,80,30,302,2,2,5,5,2.0,2,2,2,96,77,0,89,44,456, 0, 0, 0, 0, 44,,,,,1,,0,198,1207,97,14,227,,425203,03,3803,03,,64,,80,7,0
91WN00356, 91036729,91,03,L6729,2,80,30,302,2,2,5,5,2.0,2,2,2,96,123,10,80,67,480, 4, 0, 0, 0, 51,OUT,,,1,1,1,0,198,1207,93,16,281,,425203,03,3803,03,,66,538,80,3,76
91WN00357, 91036730,91,03,L6730,2,82,30,323,2,2,5,4,2.0,2,2,2,96,123,12,100,82,585, 6, 0, 0, 0, 65,p24,,,2,1,1,0,198,1228,,,,,369803,03,3412,03,,80,613,82,C,90
91WN00358, 91036731,91,03,L6731,2,82,30,323,2,2,5,6,2.0,2,2,2,96,123,1,78,61,433, 6, 0, 0, 0, 42,,,,2,1,1,0,198,1228,97,,249,,369803,03,3412,03,,60,489,82,2,0
91WN00359, 91036732,91,03,L6732,2,82,30,325,3,3,9,8,5.0,5,4,2,96,123,1,94,86,623, 9, 0, 0, 0, 60,001,,,2,1,1,0,259,1260,92,,262,,376603,03,9094,02,,84,637,82,2,100
91WN00360, 91036733,91,03,L6733,2,82,30,325,3,3,9,8,5.0,5,4,2,96,123,24,71,76,560, 7, 0, 0, 0, 56,p22,,,1,1,1,0,259,1260,,,,,376603,03,9094,02,,74,604,82,C,88
91WN00361, 91036734,91,03,L6734,1,82,30,325,3,3,9,8,5.0,5,4,2,96,123,19,75,70,508,11, 0, 0, 0, 52,,,,1,1,2,0,259,1260,,,,,376603,03,9094,02,,68,546,82,C,75
91WN00362, 91036735,91,03,L6735,2,81,30,313,2,2,5,5,4.0,4,4,2,96,123,1,105,84,598, 7, 0, 0, 0, 62,009,,,1,1,1,0,184,1139,92,,262,,434303,03,1004,03,,82,602,81,2,91
91WN00363, 91036736,91,03,L6736,1,81,30,313,2,2,5,5,4.0,4,4,2,96,123,13,105,83,589, 7, 0, 0, 0, 65,,,,2,1,1,0,184,1139,93,95,266,,434303,03,1004,03,,81,568,81,3,88
91WN00364, 91036738,91,03,L6738,3,82,30,322,3,2,8,6,2.0,2,2,2,97,122,18,47,48,355, 9, 0, 0, 0, 35,,,,2,1,1,0,232,1267,97,,249,,354503,03,3410,03,,47,434,82,3,0
91WN00365, 91036739,91,03,L6739,2,82,30,322,3,2,8,4,2.0,2,2,2,97,122,23,61,59,434, 6, 0, 0, 0, 43,008,,,1,1,1,0,232,1267,92,,262,,354503,03,3410,03,,58,478,82,2,69
91WN00366, 91036740,91,03,L6740,2,82,30,328,3,1,7,2,6.0,6,4,2,97,122,24,111,88,630, 5, 0, 0, 0, 68,p01,,,2,1,1,0,201,1389,,95,,,416403,03,8305,02,,87,589,82,1,100
91WN00367, 91036741,91,03,L6741,2,82,30,328,3,2,8,5,6.0,6,4,2,97,122,15,89,71,509, 7, 0, 0, 0, 59,p24,,,1,1,1,0,201,1389,,95,,,416403,03,8305,02,,70,532,82,C,83
91WN00368, 91036742,91,03,L6742,1,82,30,328,3,2,8,5,6.0,6,4,2,97,122,22,102,85,613, 7, 0, 0, 0, 68,,,,1,1,2,0,201,1389,93,14,266,,416403,03,8305,02,,84,605,82,3,112
91WN00369, 91036743,91,03,L6743,3,81,30,312,1,1,1,1,2.0,2,2,2,97,122,4,100,75,533, 5, 0, 0, 0, 70,NON,,,2,1,1,0,215,1177,,,,,385603,03,3954,03,,74,472,81,9,88
91WN00370, 91036744,91,03,L6744,1,81,30,312,2,2,5,5,4.0,4,4,2,97,122,24,94,76,546, 8, 0, 0, 0, 55,,,,2,1,2,0,184,1171,93,,321,,385603,03,0513,03,,75,540,81,H,85
91WN00371, 91036745,91,03,L6745,2,81,30,312,2,2,5,5,4.0,4,4,2,97,122,21,86,68,487, 4, 0, 0, 0, 53,012,,,1,1,1,0,184,1171,93,,281,,385603,03,0513,03,,67,518,81,2,84
91WN00372, 91036747,91,03,L6747,1,81,30,311,3,2,8,5,3.0,3,3,2,97,122,1,101,97,712, 4, 0, 0, 0, 67,,,,1,1,1,0,231,1293,,,,,380103,03,2408,03,,96,693,81,P,102
91WN00373, 91036748,91,03,L6748,2,81,30,311,3,2,8,5,3.0,3,3,2,97,122,22,89,82,599, 7, 0, 0, 0, 61,p12,,,2,1,1,0,231,1293,,,,,380103,03,2408,03,,81,649,81,P,96
91WN00374, 91036749,91,03,L6749,1,83,30,332,2,2,5,5,3.5,3,3,2,97,122,7,105,97,709, 7, 0, 0, 0, 70,,,,1,1,2,0,217,1196,,,,,417003,03,1852,03,,96,698,83,G,103
91WN00375, 91036750,91,03,L6750,2,83,30,332,2,2,5,5,3.5,3,3,2,97,122,11,99,74,525, 8, 0, 0, 0, 54,p11,,,1,1,1,0,217,1196,,,,,417003,03,1852,03,,73,560,83,P,87
91WN00376, 91036752,91,03,L6752,1,83,30,333,2,1,3,2,2.0,2,2,2,97,122,2,94,103,767, 7, 0, 0, 0, 81,,,,1,1,2,0,198,1110,,,,,421203,03,4130,03,,101,676,83,G,113
91WN00377, 91036753,91,03,L6753,2,80,30,302,2,1,3,2,2.0,2,2,2,97,122,1,76,90,675, 6, 0, 0, 0, 68,p01,,,1,1,1,0,198,1068,,,,,425203,03,3464,03,,89,646,80,W,99
91WN00378, 91036756,91,03,L6756,1,82,30,327,3,2,8,4,3.0,3,3,2,97,122,16,93,93,686, 6, 0, 0, 0, 63,,,,2,1,2,0,231,1237,,,,,406403,03,2138,03,,92,665,82,1,97
91WN00379, 91036757,91,03,L6757,2,82,30,327,3,2,8,6,3.0,3,3,2,97,122,3,70,77,574, 6, 0, 0, 0, 52,p22,,,2,1,1,0,231,1237,,,,,406403,03,2138,03,,76,609,82,C,83
91WN00380, 91036758,91,03,L6758,1,80,30,304,2,2,5,5,4.5,4,4,2,97,122,16,98,85,616, 5, 0, 0, 0, 67,,,,2,1,1,0,197,1052,,,,,382203,03,9865,02,,84,600,80,W,91
91WN00381, 91036759,91,03,L6759,2,80,30,304,2,2,5,5,4.5,4,4,2,97,122,7,92,82,597, 4, 0, 0, 0, 62,p02,,,2,1,1,0,197,1052,,,,,382203,03,9865,02,,81,610,80,W,94
91WN00382, 91036760,91,03,L6760,3,81,30,314,2,2,5,5,2.0,2,2,2,97,122,4,84,79,579,10, 0, 0, 0, 57,,,,1,1,1,0,198,1272,93,,350,,439603,03,4026,03,,78,593,81,*,82
91WN00383, 91036761,91,03,L6761,3,81,30,314,2,2,5,5,2.0,2,2,2,97,122,5,82,71,515, 7, 0, 0, 0, 54,,,,2,1,1,0,198,1272,93,,321,,439603,03,4026,03,,70,530,81,*,82
91WN00384, 91036762,91,03,L6762,3,82,30,P-5,1,1,1,1,1.0,1,1,2,97,122,26,119,85,599, 4, 0, 0, 0, 66,,,,2,1,2,0,203,1158,93,,321,,346703,03,5004,03,,84,581,82,*,99
91WN00385, 91036763,91,03,L6763,3,80,30,P-2,1,1,1,1,1.0,1,1,2,97,122,26,79,77,566, 8, 0, 0, 0, 55,,,,1,1,2,0,203,1142,93,,350,,429203,03,5153,03,,76,548,80,*,79
91WN00386, 91036765,91,03,L6765,3,82,30,P-6,3,2,8,4,1.0,1,1,2,97,122,6,55,68,512, 3, 0, 0, 0, 46,,,,1,1,1,0,223,1224,93,,350,,413603,03,4813,03,,67,554,82,*,80
91WN00387, 91036766,91,03,L6766,2,82,30,P-6,3,2,8,6,1.0,1,1,2,97,122,2,42,51,384, 5, 0, 0, 0, 31,,,,1,1,2,0,223,1224,93,,281,,413603,03,4813,03,,50,457,82,3,59
91WN00388, 91036767,91,03,L6767,3,80,30,301,2,2,5,6,2.0,2,2,2,97,122,24,81,77,565, 8, 0, 0, 0, 58,,,,1,1,2,0,215,1218,93,,350,,395803,03,3431,03,,76,652,80,*,90
91WN00389, 91036768,91,03,L6768,1,80,30,301,2,2,5,4,2.0,2,2,2,97,122,28,105,71,496, 7, 0, 0, 0, 58,,,,2,1,4,0,215,1218,93,,266,,395803,03,3431,03,,70,516,80,3,80
91WN00390, 91036769,91,03,L6769,2,82,30,322,2,1,3,2,3.0,3,3,2,97,122,7,78,84,625, 6, 0, 0, 0, 67,p22,,,1,1,1,0,217,1162,,,,,354503,03,1876,03,,83,579,82,C,94
91WN00391, 91036772,91,03,L6772,2,80,30,303,3,2,8,5,3.5,3,3,2,97,122,27,80,73,533, 8, 0, 0, 0, 55,p01,,,2,1,1,0,245,1403,,,,,427803,03,1138,03,,72,589,80,W,84
91WN00392, 91036773,91,03,L6773,1,80,30,303,3,2,8,5,3.5,3,3,2,97,122,6,92,80,580, 8, 0, 0, 0, 61,,,,2,1,2,0,245,1403,,,,,427803,03,1138,03,,79,568,80,W,88
91WN00393, 91036776,91,03,L6776,2,80,30,303,2,2,5,5,5.0,5,4,2,97,122,3,112,90,646, 5, 0, 0, 0, 69,PPL,,,1,1,1,0,203,1128,93,,256,,427803,03,9067,02,,89,653,00,5,93
91WN00394, 91036777,91,03,L6777,2,80,30,303,2,2,5,5,5.0,5,4,2,97,122,2,105,86,619, 6, 0, 0, 0, 70,PPL,,,1,1,1,0,203,1128,93,,256,,427803,03,9067,02,,85,625,00,5,94
91WN00395, 91036778,91,03,L6778,2,81,30,P-3,1,1,1,1,1.0,1,1,2,97,122,25,79,74,542, 5, 0, 0, 0, 58,027,,,2,1,1,0,203,1138,92,,262,,358703,03,5331,03,,73,538,81,2,87
91WN00396, 91036779,91,03,L6779,2,81,30,P-3,1,1,1,1,1.0,1,1,2,97,122,1,97,88,642, 9, 0, 0, 0, 68,p01,,,2,1,1,0,203,1158,,,,,358703,03,5089,03,,87,606,81,1,98
91WN00397, 91036780,91,03,L6780,2,80,30,301,3,2,8,5,6.0,6,4,2,97,122,26,86,71,511, 5, 0, 0, 0, 56,004,,,1,1,1,0,221,1166,92,,262,,395803,03,7864,02,,70,548,80,2,81
91WN00398, 91036781,91,03,L6781,2,80,30,301,3,2,8,5,6.0,6,4,2,97,122,22,78,70,510, 5, 0, 0, 0, 53,029,,,1,1,1,0,221,1166,93,,281,,395803,03,7864,02,,69,542,80,2,79
91WN00399, 91036782,91,03,L6782,2,82,30,328,3,3,9,8,2.0,2,2,2,97,122,15,73,78,580, 6, 0, 0, 0, 57,001,,,1,1,1,0,232,1396,92,,262,,416403,03,3582,03,,77,656,82,2,90
91WN00400, 91036783,91,03,L6783,2,82,30,328,3,3,9,8,2.0,2,2,2,97,122,4,68,59,428, 7, 0, 0, 0, 38,033,,,2,1,1,0,232,1396,92,,262,,416403,03,3582,03,,58,489,82,2,66
91WN00401, 91036784,91,03,L6784,1,82,30,328,3,3,9,8,2.0,2,2,2,97,122,5,67,71,527, 9, 0, 0, 0, 47,,,,2,1,2,0,232,1396,,,,,416403,03,3582,03,,70,590,82,C,77
91WN00402, 91036785,91,03,L6785,1,82,30,324,3,3,9,8,3.0,3,3,2,97,122,5,60,57,418, 6, 0, 0, 0, 39,,,,2,1,3,0,217,1288,93,,266,,374203,03,1957,03,,56,456,82,3,59
91WN00403, 91036786,91,03,L6786,1,82,30,324,3,3,9,8,3.0,3,3,2,97,122,1,82,76,556, 6, 0, 0, 0, 56,,,,2,1,2,0,217,1288,93,14,266,,374203,03,1957,03,,75,589,82,3,76
91WN00404, 91036787,91,03,L6787,2,82,30,324,3,3,9,8,3.0,3,3,2,97,122,17,79,66,476, 8, 0, 0, 0, 46,p23,,,2,1,2,0,217,1288,,,,,374203,03,1957,03,,65,529,82,C,74
91WN00405, 91036789,91,03,L6789,2,81,30,314,2,1,3,2,2.0,2,2,1,98,120,3,68,67,502, 5, 0, 0, 0, 54,017,,,3,1,1,0,198,1066,92,,262,,439603,03,3378,03,,67,497,81,2,76
91WN00406, 91036790,91,03,L6790,3,83,30,P-8,2,2,5,5,1.0,1,1,2,98,121,10,89,83,612, 8, 0, 0, 0, 58,,,,1,1,1,0,213,1316,93,,321,,361303,03,5759,03,,82,649,83,*,94
91WN00407, 91036791,91,03,L6791,3,83,30,P-8,2,2,5,5,1.0,1,1,2,98,121,10,91,80,586, 6, 0, 0, 0, 55,,,,1,1,1,0,213,1316,93,16,321,,361303,03,5759,03,,79,623,83,*,91
91WN00408, 91036792,91,03,L6792,3,82,30,325,1,1,1,1,3.0,3,3,2,98,121,13,93,93,692, 4, 0, 0, 0, 70,,,,1,1,2,0,188,1164,93,,281,,376603,03,2130,03,,92,618,82,3,106
91WN00409, 91036793,91,03,L6793,1,80,30,303,3,2,8,5,5.0,5,4,2,98,121,23,101,88,644, 8, 0, 0, 0, 64,,,,2,1,2,0,192,992,,,,,427803,03,9331,02,,87,638,80,W,94
91WN00410, 91036794,91,03,L6794,1,80,30,303,3,2,8,5,5.0,5,4,2,98,121,12,102,82,593, 9, 0, 0, 0, 65,,,,2,1,3,0,192,992,,16,,,427803,03,9331,02,,81,573,80,W,88
91WN00411, 91036798,91,03,L6798,3,82,30,P-5,2,1,3,2,1.0,1,1,2,98,121,21,62,83,635, 7, 0, 0, 0, 61,,,,1,1,1,0,213,1154,93,,321,,346703,03,5045,03,,82,623,82,*,93
91WN00412, 91036799,91,03,L6799,3,82,30,P-5,1,1,1,1,1.0,1,1,2,98,121,1,111,99,726, 6, 0, 0, 0, 74,,,,2,1,1,0,203,1178,93,,281,,346703,03,5300,03,,98,676,82,3,106
91WN00413, 91036800,91,03,L6800,2,82,30,P-5,1,1,1,1,1.0,1,1,2,98,121,29,88,72,522, 6, 0, 0, 0, 54,026,,,1,1,1,0,203,1138,92,95,262,,346703,03,4814,03,,71,524,82,2,79
91WN00414, 91036803,91,03,L6803,3,80,30,P-2,3,1,7,2,1.0,1,1,2,98,75,0,72,71,851, 0, 0, 0, 0, 71,,,,,1,,0,223,1196,97,,227,,429203,03,5535,03,,109,,80,7,0
91WN00415, 91036805,91,03,L6805,2,83,30,P-7,2,1,3,2,1.0,1,1,2,98,121,25,83,89,667, 7, 0, 0, 0, 70,p01,,,2,1,1,0,213,1170,,,,,354103,03,5650,03,,88,685,83,W,98
91WN00416, 91036807,91,03,L6807,2,81,30,P-3,1,1,1,1,1.0,1,1,2,98,121,19,87,92,688, 9, 0, 0, 0, 70,p11,,,2,1,1,0,203,1174,,,,,358703,03,5546,03,,91,677,81,P,104
91WN00417, 91036808,91,03,L6808,3,83,30,P-8,2,1,3,2,1.0,1,1,1,98,120,24,81,64,466, 7, 0, 0, 0, 46,,,,1,1,1,0,213,1244,93,,321,,361303,03,4767,03,,64,478,83,*,82
91WN00418, 91036809,91,03,L6809,2,83,30,P-8,2,1,3,2,1.0,1,1,2,98,121,10,84,92,691, 5, 0, 0, 0, 66,p11,,,1,1,1,0,213,1244,,,,,361303,03,4767,03,,91,690,83,P,104
91WN00419, 91036810,91,03,L6810,3,81,30,312,2,2,5,5,2.0,2,2,2,98,121,20,91,95,710, 5, 0, 0, 0, 51,,,,1,1,1,0,215,1283,93,,321,,385603,03,3357,03,,94,746,81,*,76
91WN00420, 91036811,91,03,L6811,3,81,30,312,2,2,5,5,2.0,2,2,2,98,121,13,98,61,423, 8, 0, 0, 0, 50,,,,2,9,1,0,215,1283,,08,,,385603,03,3357,03,,61,450,81,1,77
91WN00421, 91036812,91,03,L6812,2,81,30,P-4,2,1,3,2,1.0,1,1,1,98,120,17,50,62,475, 3, 0, 0, 0, 41,,,,1,1,1,0,213,1120,93,21,281,,373703,03,5526,03,,62,503,81,3,73
91WN00422, 91036815,91,03,L6815,2,81,30,313,4,2,0,5,4.0,4,4,2,98,121,1,63,80,609, 7, 0, 0, 0, 59,p12,,,1,1,1,0,247,1243,,,,,434303,03,0541,03,,79,615,81,P,89
91WN00423, 91036816,91,03,L6816,3,81,30,313,4,2,0,5,4.0,4,4,2,98,121,18,61,69,520, 6, 0, 0, 0, 53,,,,2,1,1,0,247,1243,93,,350,,434303,03,0541,03,,68,511,81,*,83
91WN00424, 91036817,91,03,L6817,2,82,30,325,2,2,5,5,2.0,2,2,2,98,121,8,68,74,555, 7, 0, 0, 0, 55,010,,,1,1,1,0,198,1230,92,,262,,376603,03,3852,03,,73,613,82,2,88
91WN00425, 91036818,91,03,L6818,3,82,30,325,2,2,5,5,2.0,2,2,2,98,121,10,70,75,562, 6, 0, 0, 0, 53,,,,1,1,2,0,198,1230,93,95,321,,376603,03,3852,03,,74,585,82,*,84
91WN00426, 91036820,91,03,L6820,1,80,30,304,3,2,8,6,2.0,2,2,2,98,121,20,70,64,471, 6, 0, 0, 0, 44,,,,2,1,2,0,248,1214,93,,266,,382203,03,3588,03,,64,555,80,3,77
91WN00427, 91036821,91,03,L6821,1,80,30,304,3,2,8,4,2.0,2,2,2,98,121,13,93,79,576, 6, 0, 0, 0, 59,,,,2,1,2,0,248,1214,,,,,382203,03,3588,03,,78,577,80,W,88
91WN00428, 91036823,91,03,L6823,2,80,30,301,2,1,3,2,2.0,2,2,2,98,121,21,114,90,650, 8, 0, 0, 0, 71,p01,,,2,1,1,0,215,1232,,,,,395803,03,4197,03,,89,649,80,W,92
91WN00429, 91036824,91,03,L6824,1,80,30,301,2,2,5,5,2.0,2,2,2,98,121,16,96,79,574, 8, 0, 0, 0, 62,,,,2,1,3,0,215,1387,93,,266,,395803,03,4301,03,,78,602,80,3,66
91WN00430, 91036825,91,03,L6825,2,80,30,301,2,2,5,5,2.0,2,2,2,98,121,2,88,82,605, 5, 0, 0, 0, 60,010,,,2,1,1,0,215,1387,92,,262,,395803,03,4301,03,,81,655,80,2,88
91WN00431, 91036826,91,03,L6826,2,81,30,314,3,2,8,6,4.5,4,4,2,98,121,20,81,74,545, 6, 0, 0, 0, 57,002,,,2,1,1,0,209,1149,92,,262,,439603,03,0441,03,,73,586,81,2,87
91WN00432, 91036827,91,03,L6827,1,81,30,314,3,2,8,4,4.5,4,4,2,98,121,15,105,85,616, 7, 0, 0, 0, 62,,,,2,1,2,0,209,1149,93,,321,,439603,03,0441,03,,84,577,81,H,90
91WN00433, 91036830,91,03,L6830,2,83,30,334,3,2,8,7,2.0,2,2,2,98,121,15,42,63,486, 6, 0, 0, 0, 46,006,,,1,1,1,0,215,1258,92,,262,,422103,03,4302,03,,63,563,83,2,76
91WN00434, 91036831,91,03,L6831,2,83,30,334,3,2,8,3,2.0,2,2,2,98,121,2,58,81,621, 5, 0, 0, 0, 58,p11,,,2,1,1,0,215,1258,,,,,422103,03,4302,03,,80,639,83,P,93
91WN00435, 91036832,91,03,L6832,2,81,30,314,3,2,8,5,3.0,3,3,2,98,121,6,83,66,477, 8, 0, 0, 0, 48,006,,,1,1,1,0,217,1181,92,,262,,439603,03,2162,03,,66,507,81,2,75
91WN00436, 91036833,91,03,L6833,2,81,30,314,3,2,8,5,3.0,3,3,2,98,121,6,93,77,560, 5, 0, 0, 0, 55,p11,,,1,1,1,0,217,1181,,16,,,439603,03,2162,03,,76,590,81,P,87
91WN00437, 91036835,91,03,L6835,3,83,30,332,1,1,1,1,2.0,2,2,2,98,121,8,98,82,597, 6, 0, 0, 0, 63,,,,1,1,1,0,198,1075,93,,321,,417003,03,3610,03,,81,542,83,*,90
91WN00438, 91036836,91,03,L6836,2,81,30,311,1,1,1,1,2.0,2,2,2,98,121,28,102,90,660, 6, 0, 0, 0, 74,p11,,,1,1,1,0,181,1114,,,,,380103,03,3390,03,,89,647,81,1,96
91WN00439, 91036837,91,03,L6837,3,81,30,313,1,1,1,1,2.0,2,2,2,98,121,25,107,94,688, 6, 0, 0, 0, 74,,,,1,1,1,0,198,1151,93,,281,,434303,03,3377,03,,93,655,81,3,105
91WN00440, 91036838,91,03,L6838,3,82,30,327,2,1,3,2,2.0,2,2,2,98,121,22,69,75,563, 7, 0, 0, 0, 54,,,,1,1,1,0,215,867,93,,321,,406403,03,3702,03,,74,538,82,*,85
91WN00441, 91036840,91,03,L6840,1,83,30,332,1,1,1,1,2.0,2,2,2,98,121,13,121,112,826, 4, 0, 0, 0, 82,,,,1,1,3,0,198,1154,,,,,417003,03,4118,03,,111,710,83,G,116
91WN00442, 91036842,91,03,L6842,1,80,30,301,3,2,8,5,2.0,2,2,2,98,121,6,98,90,663, 6, 0, 0, 0, 65,,,,1,1,1,0,248,1260,,,,,395803,03,3388,03,,89,678,80,W,95
91WN00443, 91036843,91,03,L6843,2,80,30,301,3,2,8,5,2.0,2,2,2,98,121,3,103,75,535, 6, 0, 0, 0, 55,002,,,2,1,1,0,248,1260,92,,262,,395803,03,3388,03,,74,586,80,2,88
91WN00444, 91036844,91,03,L6844,3,81,30,312,2,2,5,5,2.0,2,2,2,98,121,16,68,47,332, 5, 0, 0, 0, 32,,,,1,1,1,0,198,976,93,,281,,385603,03,3475,03,,47,363,81,3,59
91WN00445, 91036845,91,03,L6845,2,81,30,312,2,2,5,5,2.0,2,2,2,98,121,5,65,75,566, 5, 0, 0, 0, 55,013,,,2,1,1,0,198,976,92,,262,,385603,03,3475,03,,74,620,81,2,83
91WN00446, 91036846,91,03,L6846,2,81,30,311,2,2,5,5,2.0,2,2,2,98,121,5,84,83,617, 5, 0, 0, 0, 60,p11,,,1,1,1,0,215,1399,,,,,380103,03,4032,03,,82,671,81,P,94
91WN00447, 91036847,91,03,L6847,2,81,30,311,2,2,5,5,2.0,2,2,2,98,121,22,86,67,483, 7, 0, 0, 0, 50,014,,,2,1,1,0,215,1399,93,,281,,380103,03,4032,03,,67,559,81,2,79
91WN00448, 91036848,91,03,L6848,1,83,30,333,2,2,5,5,3.5,3,3,2,98,121,20,111,81,578, 6, 0, 0, 0, 61,,,,1,1,2,0,231,1480,93,95,321,,421203,03,1853,03,,80,585,83,H,90
91WN00449, 91036849,91,03,L6849,1,83,30,333,2,2,5,5,3.5,3,3,2,98,121,10,98,85,621, 6, 0, 0, 0, 58,,,,1,1,2,0,231,1480,,,,,421203,03,1853,03,,84,615,83,1,93
91WN00450, 91036850,91,03,L6850,3,82,30,P-6,2,2,5,4,1.0,1,1,2,98,121,3,104,81,583, 6, 0, 0, 0, 58,,,,1,1,1,0,213,1308,93,,321,,413603,03,5565,03,,80,622,82,*,90
91WN00451, 91036851,91,03,L6851,2,82,30,P-6,2,2,5,6,1.0,1,1,2,98,121,26,88,75,547, 6, 0, 0, 0, 57,p21,,,2,1,1,0,213,1308,,,,,413603,03,5565,03,,74,653,82,C,88
91WN00452, 91036852,91,03,L6852,2,81,30,313,4,2,0,5,6.0,6,4,1,98,120,17,59,64,484, 6, 0, 0, 0, 46,000,,,1,1,1,0,241,1443,92,,262,,434303,03,7866,02,,64,531,81,2,76
91WN00453, 91036853,91,03,L6853,1,81,30,313,4,2,0,5,6.0,6,4,1,98,120,23,64,77,588, 7, 0, 0, 0, 56,,,,1,1,1,0,241,1443,,,,,434303,03,7866,02,,77,602,81,P,86
91WN00454, 91036856,91,03,L6856,2,82,30,P-5,2,1,3,2,1.0,1,1,2,98,121,1,55,73,558, 4, 0, 0, 0, 47,023,,,1,1,1,0,213,1130,93,,281,,346703,03,5117,03,,72,545,82,2,84
91WN00455, 91036858,91,03,L6858,2,82,30,328,2,2,5,6,4.0,4,4,2,98,121,2,96,81,590, 9, 0, 0, 0, 60,p22,,,1,1,1,0,197,1304,,,,,416403,03,0859,03,,80,607,82,C,90
91WN00456, 91036859,91,03,L6859,1,82,30,328,2,2,5,4,4.0,4,4,2,98,121,17,115,104,764,10, 0, 0, 0, 75,,,,2,1,1,0,197,1304,93,,266,,416403,03,0859,03,,103,728,82,3,109
91WN00457, 91036860,91,03,L6860,2,83,30,332,2,2,5,4,2.0,2,2,2,98,121,27,78,67,489, 6, 0, 0, 0, 50,028,,,1,1,1,0,215,1200,93,,281,,417003,03,4203,03,,67,540,83,2,81
91WN00458, 91036861,91,03,L6861,2,83,30,332,2,2,5,6,2.0,2,2,2,98,121,4,63,66,493, 6, 0, 0, 0, 47,029,,,2,1,1,0,215,1200,93,,281,,417003,03,4203,03,,66,556,83,2,77
91WN00459, 91036862,91,03,L6862,2,81,30,311,2,2,5,6,2.0,2,2,2,98,121,4,85,76,558, 4, 0, 0, 0, 55,p11,,,1,1,1,0,215,1235,,,,,380103,03,3683,03,,75,621,81,P,86
91WN00460, 91036863,91,03,L6863,1,81,30,311,2,2,5,4,2.0,2,2,2,98,121,5,105,87,632, 4, 0, 0, 0, 64,,,,2,1,1,0,215,1235,93,,321,,380103,03,3683,03,,86,623,81,H,92
91WN00461, 91036864,91,03,L6864,2,83,30,334,2,2,5,5,2.0,2,2,2,98,121,17,94,77,559, 8, 0, 0, 0, 54,p12,,,2,1,1,0,232,1283,,,,,422103,03,4387,03,,76,629,83,P,85
91WN00462, 91036865,91,03,L6865,2,83,30,334,2,2,5,5,2.0,2,2,2,98,121,26,102,85,618, 4, 0, 0, 0, 69,p12,,,1,1,1,0,232,1283,,,,,422103,03,4387,03,,84,700,83,P,97
91WN00463, 91036866,91,03,L6866,3,82,30,328,2,2,5,3,2.0,2,2,2,98,121,13,91,74,536, 6, 0, 0, 0, 60,,,,1,1,1,0,198,1223,93,,321,,416403,03,3453,03,,73,574,82,*,75
91WN00464, 91036867,91,03,L6867,3,82,30,328,2,2,5,7,2.0,2,2,2,98,121,18,60,73,554, 7, 0, 0, 0, 54,,,,2,1,1,0,198,1223,93,16,321,,416403,03,3453,03,,72,634,82,*,83
91WN00465, 91036868,91,03,L6868,1,80,30,301,2,1,3,2,2.0,2,2,2,98,121,19,94,95,707, 8, 0, 0, 0, 73,,,,2,1,2,0,198,1105,,,,,395803,03,3644,03,,94,640,80,W,103
91WN00466, 91036871,91,03,L6871,1,81,30,314,2,2,5,4,2.0,2,2,2,98,121,29,102,82,593, 7, 0, 0, 0, 62,,,,1,1,2,0,198,1272,,,,,439603,03,3775,03,,81,615,81,P,92
91WN00467, 91036872,91,03,L6872,1,81,30,314,2,2,5,6,2.0,2,2,2,98,121,8,82,73,536, 7, 0, 0, 0, 55,,,,2,1,2,0,198,1272,,,,,439603,03,3775,03,,72,605,81,P,83
91WN00468, 91036873,91,03,L6873,2,81,30,314,2,2,5,6,4.5,4,4,2,98,121,22,93,81,593, 8, 0, 0, 0, 65,p11,,,1,1,1,0,184,1212,,,,,439603,03,9900,02,,80,636,81,P,97
91WN00469, 91036874,91,03,L6874,1,81,30,314,2,2,5,4,4.5,4,4,2,98,121,13,118,87,621, 6, 0, 0, 0, 67,,,,2,1,1,0,184,1212,,,,,439603,03,9900,02,,86,580,81,C,98
91WN00470, 91036876,91,03,L6876,3,82,30,P-5,2,1,3,2,1.0,1,1,1,99,119,16,54,78,610, 5, 0, 0, 0, 56,,,,2,1,1,0,213,1148,93,,321,,346703,03,5295,03,,79,613,82,*,93
91WN00471, 91036878,91,03,L6878,2,80,30,P-1,1,1,1,1,1.0,1,1,2,99,120,8,102,95,707, 7, 0, 0, 0, 71,p02,,,1,1,1,0,203,1178,,,,,362403,03,5385,03,,95,683,80,1,106
91WN00472, 91036880,91,03,L6880,3,83,30,P-8,2,1,3,2,1.0,1,1,1,99,119,20,58,51,380, 7, 0, 0, 0, 34,,,,2,1,1,0,213,1096,93,16,321,,361303,03,5488,03,,51,388,83,*,69
91WN00473, 91036881,91,03,L6881,3,81,30,311,3,1,7,2,5.0,5,4,1,99,119,3,123,97,712, 6, 0, 0, 0, 73,,,,1,1,1,0,236,1334,93,,281,,380103,03,9457,02,,98,641,81,3,115
91WN00474, 91036882,91,03,L6882,1,81,30,311,3,2,8,4,5.0,5,4,1,99,119,35,108,89,657, 7, 0, 0, 0, 67,,,,2,1,2,0,236,1334,01,,350,,380103,03,9457,02,,90,666,81,P,103
91WN00475, 91036883,91,03,L6883,2,81,30,311,3,2,8,6,5.0,5,4,1,99,119,29,89,83,623, 5, 0, 0, 0, 60,p12,,,1,1,1,0,236,1334,,,,,380103,03,9457,02,,84,697,81,P,100
91WN00476, 91036884,91,03,L6884,2,82,30,322,2,2,5,5,2.0,2,2,1,99,119,20,70,58,429, 5, 0, 0, 0, 43,031,,,2,1,1,0,215,1269,93,,281,,354503,03,3491,03,,58,524,82,2,72
91WN00477, 91036885,91,03,L6885,1,82,30,322,2,2,5,5,2.0,2,2,1,99,119,3,63,60,451, 6, 0, 0, 0, 41,,,,1,1,5,0,215,1269,93,,266,,354503,03,3491,03,,60,483,82,3,66
91WN00478, 91036886,91,03,L6886,2,83,30,333,2,1,3,2,2.0,2,2,1,99,119,33,85,81,609, 5, 0, 0, 0, 59,p12,,,1,1,1,0,215,1218,,,,,421203,03,3656,03,,82,645,83,P,94
91WN00479, 91036888,91,03,L6888,2,82,30,322,2,1,3,2,2.0,2,2,1,99,119,28,62,59,444, 6, 0, 0, 0, 47,p22,,,2,1,1,0,198,944,,,,,354503,03,3935,03,,59,473,82,C,72
91WN00480, 91036891,91,03,L6891,2,81,30,P-3,2,1,3,2,1.0,1,1,1,99,119,3,54,84,661, 4, 0, 0, 0, 60,021,,,2,1,1,0,213,1160,92,,262,,358703,03,5782,03,,85,672,81,2,100
91WN00481, 91036892,91,03,L6892,2,81,30,P-4,2,1,3,2,1.0,1,1,1,99,119,27,81,71,529, 7, 0, 0, 0, 49,PPL,,,5,1,1,0,213,1142,93,,256,,373703,03,4878,03,,72,571,81,5,85
91WN00482, 91036896,91,03,L6896,3,83,30,333,1,1,1,1,3.5,3,3,2,99,120,16,118,90,652, 4, 0, 0, 0, 77,,,,1,1,2,0,203,1085,93,,321,,421203,03,1578,03,,90,583,83,*,99
91WN00483, 91036897,91,03,L6897,1,81,30,P-3,1,1,1,1,1.0,1,1,1,99,119,17,88,84,632, 7, 0, 0, 0, 58,,,,2,1,2,0,203,1152,93,,266,,358703,03,5737,03,,85,556,81,3,83
91WN00484, 91036898,91,03,L6898,3,80,30,301,3,1,7,2,4.5,4,4,2,99,120,28,105,88,646, 6, 0, 0, 0, 74,,,,2,1,1,0,209,989,93,,321,,395803,03,0319,03,,88,588,00,*,99
91WN00485, 91036899,91,03,L6899,1,81,30,312,2,1,3,2,2.0,2,2,1,99,119,15,106,94,701, 5, 0, 0, 0, 71,,,,1,1,3,0,215,1119,93,,266,,385603,03,3395,03,,95,650,81,3,103
91WN00486, 91036901,91,03,L6901,1,80,30,303,2,2,5,6,5.5,5,4,1,99,119,1,92,88,662, 8, 0, 0, 0, 59,,,,2,1,2,0,181,1098,,,,,427803,03,9044,02,,89,700,80,W,94
91WN00487, 91036902,91,03,L6902,1,80,30,303,2,2,5,4,5.5,5,4,1,99,119,18,118,73,514,10, 0, 0, 0, 54,,,,1,1,2,0,181,1098,93,,266,,427803,03,9044,02,,74,500,80,3,80
91WN00488, 91036903,91,03,L6903,2,82,30,P-6,1,1,1,1,1.0,1,1,2,99,120,2,99,86,634, 6, 0, 0, 0, 62,025,,,1,1,1,0,203,1158,93,,281,,413603,03,5675,03,,86,602,82,2,98
91WN00489, 91036904,91,03,L6904,3,80,30,303,2,1,3,2,2.0,2,2,2,99,120,16,94,85,630, 6, 0, 0, 0, 66,,,,1,1,2,0,215,1080,93,,321,,427803,03,4084,03,,85,599,80,*,93
91WN00490, 91036906,91,03,L6906,1,80,30,303,2,1,3,2,2.0,2,2,1,99,119,7,98,80,590, 7, 0, 0, 0, 59,,,,1,1,2,0,198,1075,,,,,427803,03,3811,03,,81,528,80,W,87
91WN00491, 91036908,91,03,L6908,1,83,30,331,2,1,3,2,2.0,2,2,1,99,119,20,111,92,680, 5, 0, 0, 0, 69,,,,2,1,2,0,215,1114,93,91,322,,394303,03,3791,03,,93,635,83,3,97
91WN00492, 91036911,91,03,L6911,1,80,30,303,3,2,8,5,3.0,3,3,1,99,119,10,87,65,473, 6, 0, 0, 0, 53,,,,2,1,2,0,245,1075,93,,266,,427803,03,1908,03,,65,488,80,3,74
91WN00493, 91036912,91,03,L6912,2,80,30,303,3,2,8,5,3.0,3,3,1,99,119,19,78,74,556, 5, 0, 0, 0, 51,003,,,2,1,2,0,245,1075,92,,262,,427803,03,1908,03,,75,624,80,2,85
91WN00494, 91036914,91,03,L6914,2,83,30,331,3,2,8,5,5.0,5,4,1,99,119,1,81,81,613, 5, 0, 0, 0, 59,p11,,,1,1,1,0,236,1229,,,,,394303,03,9543,02,,82,640,83,P,92
91WN00495, 91036915,91,03,L6915,2,83,30,331,3,2,8,5,5.0,5,4,1,99,119,17,76,36,239, 7, 0, 0, 0, 29,,,,2,1,1,0,236,1229,93,,281,,394303,03,9543,02,,36,287,83,3,43
91WN00496, 91036917,91,03,L6917,2,81,30,313,2,2,5,5,3.0,3,3,1,99,119,2,79,78,589, 4, 0, 0, 0, 55,p11,,,1,1,1,0,217,1228,,,,,434303,03,2319,03,,79,635,81,P,85
91WN00497, 91036918,91,03,L6918,2,81,30,313,2,2,5,5,3.0,3,3,1,99,119,15,74,62,459, 4, 0, 0, 0, 45,032,,,1,1,1,0,217,1228,93,,281,,434303,03,2319,03,,62,522,81,2,71
91WN00498, 91036921,91,03,L6921,1,83,30,332,2,2,5,5,4.0,4,4,1,99,119,22,91,70,512, 3, 0, 0, 0, 60,,,,1,1,2,0,222,1256,93,,266,,417003,03,0861,03,,71,526,83,3,84
91WN00499, 91036922,91,03,L6922,1,83,30,332,2,2,5,5,4.0,4,4,1,99,119,25,99,85,631, 8, 0, 0, 0, 58,,,,1,1,2,0,222,1256,,,,,417003,03,0861,03,,86,649,83,G,97
91WN00500, 91036923,91,03,L6923,2,83,30,332,2,1,3,2,3.0,3,3,1,99,119,17,70,62,462, 8, 0, 0, 0, 41,015,,,1,1,1,0,217,908,93,,281,,417003,03,2006,03,,62,451,83,2,78
91WN00501, 91036925,91,03,L6925,1,80,30,302,4,1,0,2,5.0,5,4,1,99,119,15,74,91,703, 6, 0, 0, 0, 67,,,,1,1,3,0,236,1270,,,,,425203,03,9215,02,,92,609,80,W,97
91WN00502, 91036930,91,03,L6930,1,83,30,331,2,1,3,2,3.0,3,3,1,99,119,23,98,86,640, 4, 0, 0, 0, 67,,,,2,1,2,0,217,1183,,,,,394303,03,2103,03,,87,574,83,W,94
91WN00503, 91036932,91,03,L6932,1,80,30,301,3,1,7,2,3.0,3,3,1,99,119,10,89,95,724, 6, 0, 0, 0, 70,,,,2,1,2,0,231,1062,93,,266,,395803,03,2226,03,,96,641,80,3,101
91WN00504, 91036934,91,03,L6934,2,81,30,P-4,2,1,3,2,1.0,1,1,1,99,119,20,83,70,518, 4, 0, 0, 0, 52,PPL,,,5,1,1,0,213,1138,93,,256,,373703,03,5202,03,,71,551,81,5,88
91WN00505, 91036938,91,03,L6938,2,81,30,P-3,1,1,1,1,1.0,1,1,1,99,119,25,105,85,626, 7, 0, 0, 0, 60,PPL,,,1,1,1,0,203,1170,93,14,256,,358703,03,5080,03,,86,644,81,5,97
91WN00506, 91036939,91,03,L6939,2,82,30,323,2,2,5,6,4.5,4,4,1,99,119,15,88,70,514, 7, 0, 0, 0, 54,p22,,,1,1,2,0,172,1037,,,,,369803,03,3123,80,,71,569,82,C,83
91WN00507, 91036940,91,03,L6940,1,82,30,323,2,2,5,4,4.5,4,4,1,99,119,3,103,84,619, 7, 0, 0, 0, 56,,,,1,1,3,0,172,1037,93,,266,,369803,03,3123,80,,85,586,82,3,94
91WN00508, 91036943,91,03,L6943,1,81,30,311,3,2,8,4,2.0,2,2,1,100,118,18,99,70,509, 6, 0, 0, 0, 48,,,,1,1,4,0,232,1195,93,,321,,380103,03,3583,03,,71,539,81,H,81
91WN00509, 91036945,91,03,L6945,1,81,30,311,3,2,8,6,2.0,2,2,1,100,118,32,75,56,411, 6, 0, 0, 0, 35,,,,2,1,1,0,232,1195,93,,266,,380103,03,3583,03,,57,533,81,3,66
91WN00510, 91036947,91,03,L6947,2,82,30,326,1,1,1,1,7.0,7,5,1,100,118,33,107,75,545, 4, 0, 0, 0, 55,020,,,2,1,1,0,201,1161,93,,281,,391803,03,7131,02,,76,532,82,2,98
91WN00511, 91036948,91,03,L6948,2,80,30,302,2,1,3,2,2.0,2,2,1,100,118,28,97,85,638, 6, 0, 0, 0, 65,p02,,,1,1,1,0,215,1131,,95,,,425203,03,4211,03,,86,668,80,W,99
91WN00512, 91036949,91,03,L6949,1,82,30,322,3,2,8,5,4.5,4,4,1,100,118,16,90,76,568, 6, 0, 0, 0, 57,,,,2,1,2,0,222,1016,93,,350,,354503,03,0417,03,,77,575,82,H,87
91WN00513, 91036951,91,03,L6951,1,82,30,322,3,2,8,5,4.5,4,4,1,100,118,24,84,52,369, 6, 0, 0, 0, 29,,,,1,1,2,0,222,1016,93,,266,,354503,03,0417,03,,53,387,82,3,60
91WN00514, 91036952,91,03,L6952,3,83,30,334,1,1,1,1,3.0,3,3,1,100,118,6,90,88,669, 3, 0, 0, 0, 62,,,,2,1,2,0,188,1145,93,,321,,422103,03,1973,03,,89,608,83,*,99
91WN00515, 91036953,91,03,L6953,2,80,30,302,1,1,1,1,7.0,7,5,1,100,118,20,86,50,351, 7, 0, 0, 0, 35,,,,1,1,1,0,192,1127,93,02,281,,425203,03,7134,02,,51,321,80,3,62
91WN00516, 91036957,91,03,L6957,1,80,30,302,4,2,0,4,6.0,6,4,1,100,118,1,77,82,630, 7, 0, 0, 0, 58,,,,1,1,2,0,221,1263,93,,266,,425203,03,8110,02,,83,595,80,3,88
91WN00517, 91036958,91,03,L6958,2,80,30,302,4,2,0,6,6.0,6,4,1,100,118,32,63,76,591, 7, 0, 0, 0, 59,p02,,,1,1,1,0,221,1263,,,,,425203,03,8110,02,,77,670,80,W,92
91WN00518, 91036961,91,03,L6961,2,82,30,324,3,2,8,5,5.0,5,4,1,100,118,21,84,71,531, 4, 0, 0, 0, 54,002,,,2,1,1,0,225,974,92,,262,,374203,03,9167,02,,72,585,82,2,86
91WN00519, 91036962,91,03,L6962,1,82,30,324,3,2,8,5,5.0,5,4,1,100,118,17,81,79,601, 6, 0, 0, 0, 54,,,,2,1,2,0,225,974,,,,,374203,03,9167,02,,80,610,82,C,88
91WN00520, 91036963,91,03,L6963,2,83,30,334,1,1,1,1,2.0,2,2,1,100,118,12,117,98,731, 6, 0, 0, 0, 70,p01,,,2,1,1,0,198,932,,95,,,422103,03,3359,03,,99,719,83,W,112
91WN00521, 91036964,91,03,L6964,1,81,30,313,2,1,3,2,2.0,2,2,1,100,118,16,84,65,480, 6, 0, 0, 0, 45,,,,1,1,1,0,215,1221,93,,266,,434303,03,4059,03,,66,431,81,H,77
91WN00522, 91036966,91,03,L6966,2,83,30,331,1,1,1,1,6.0,6,4,1,100,118,27,124,94,692, 5, 0, 0, 0, 69,p02,,,2,1,1,0,161,1065,,95,,,394303,03,8038,02,,95,657,83,W,108
91WN00523, 91036967,91,03,L6967,1,81,30,313,1,1,1,1,3.0,3,3,1,100,118,10,102,100,761, 4, 0, 0, 0, 71,,,,2,1,2,0,188,959,93,,266,,434303,03,2263,03,,102,637,81,3,109
91WN00524, 91036968,91,03,L6968,3,80,30,304,3,2,8,4,3.0,3,3,2,100,119,22,66,77,592, 7, 0, 0, 0, 58,,,,2,1,1,0,217,1246,93,,321,,382203,03,2034,03,,78,619,00,*,88
91WN00525, 91036969,91,03,L6969,3,80,30,304,3,2,8,6,3.0,3,3,2,100,119,22,56,63,482, 9, 0, 0, 0, 46,,,,1,1,1,0,217,1246,93,,321,,382203,03,2034,03,,63,544,00,*,77
91WN00526, 91036971,91,03,L6971,2,82,30,324,2,2,5,5,3.0,3,3,1,100,118,28,75,82,631, 6, 0, 0, 0, 57,p24,,,1,1,1,0,217,1275,,,,,374203,03,2306,03,,83,712,82,C,96
91WN00527, 91036972,91,03,L6972,2,82,30,324,2,2,5,5,3.0,3,3,1,100,73,0,68,49,578, 0, 0, 0, 0, 49,,,,,1,,0,217,1275,97,,227,,374203,03,2306,03,,76,,82,7,0
91WN00528, 91036973,91,03,L6973,2,80,30,304,2,2,5,5,3.0,3,3,1,100,118,11,104,67,480, 4, 0, 0, 0, 47,010,,,1,1,1,0,203,1275,92,,262,,382203,03,2129,03,,68,539,80,2,88
91WN00529, 91036974,91,03,L6974,1,80,30,304,2,2,5,5,3.0,3,3,1,100,118,23,108,85,629, 6, 0, 0, 0, 64,,,,2,1,2,0,203,1275,,,,,382203,03,2129,03,,86,663,80,W,94
91WN00530, 91036976,91,03,L6976,2,80,30,302,3,2,8,5,3.5,3,3,1,100,118,15,90,76,568, 5, 0, 0, 0, 57,PPL,,,1,1,1,0,217,1147,93,16,256,,425203,03,1404,03,,77,632,80,5,86
91WN00531, 91036977,91,03,L6977,2,80,30,302,3,2,8,5,3.5,3,3,1,100,118,23,77,66,494, 7, 0, 0, 0, 51,004,,,1,1,1,0,217,1147,92,95,262,,425203,03,1404,03,,67,568,80,2,81
91WN00532, 91036978,91,03,L6978,2,82,30,321,2,2,5,5,2.0,2,2,1,100,118,29,111,78,567, 6, 0, 0, 0, 59,p21,,,1,1,1,0,198,1295,,,,,353103,03,3909,03,,79,675,82,C,94
91WN00533, 91036979,91,03,L6979,2,82,30,321,2,2,5,5,2.0,2,2,1,100,118,26,98,71,519, 6, 0, 0, 0, 51,p24,,,1,1,1,0,198,1295,,,,,353103,03,3909,03,,72,623,82,C,86
91WN00534, 91036980,91,03,L6980,1,81,30,312,2,2,5,5,5.0,5,4,1,100,118,23,90,67,492, 5, 0, 0, 0, 50,,,,1,1,1,0,214,1321,,,,,385603,03,9245,02,,68,508,81,P,77
91WN00535, 91036981,91,03,L6981,2,81,30,312,2,2,5,5,5.0,5,4,1,100,118,22,95,66,479, 6, 0, 0, 0, 50,p11,,,1,9,1,0,214,1321,,08,,,385603,03,9245,02,,67,535,81,1,78
91WN00536, 91036982,91,03,L6982,2,82,30,324,2,1,3,2,2.0,2,2,1,100,118,1,85,76,572, 4, 0, 0, 0, 53,011,,,1,1,1,0,215,1094,92,,262,,374203,03,3701,03,,77,567,82,2,87
91WN00537, 91036984,91,03,L6984,2,81,30,314,2,2,5,5,3.0,3,3,1,100,118,12,79,65,484, 5, 0, 0, 0, 45,014,,,1,1,1,0,203,1273,93,,281,,439603,03,2287,03,,66,544,81,2,79
91WN00538, 91036985,91,03,L6985,2,81,30,314,2,2,5,5,3.0,3,3,1,100,118,13,81,73,550, 5, 0, 0, 0, 52,p11,,,1,1,1,0,203,1273,,,,,439603,03,2287,03,,74,611,81,P,79
91WN00539, 91036986,91,03,L6986,2,82,30,326,1,1,1,1,5.0,5,4,1,100,118,27,121,93,686, 5, 0, 0, 0, 72,PPL,,,2,1,1,0,181,1306,93,14,256,,391803,03,9192,02,,94,651,82,5,111
91WN00540, 91036987,91,03,L6987,1,82,30,321,2,1,3,2,7.0,7,5,1,100,118,19,79,71,535, 5, 0, 0, 0, 59,,,,2,1,2,0,229,1085,,,,,353103,03,6974,02,,72,462,82,C,80
91WN00541, 91036989,91,03,L6989,2,83,30,334,2,2,5,5,6.0,6,4,1,100,118,10,96,73,537, 6, 0, 0, 0, 50,p11,,,1,1,1,0,191,1336,,,,,422103,03,8299,02,,74,577,83,P,84
91WN00542, 91036990,91,03,L6990,1,83,30,334,2,2,5,5,6.0,6,4,1,100,118,27,111,78,567, 4, 0, 0, 0, 55,,,,2,1,2,0,191,1336,93,,321,,422103,03,8299,02,,79,589,83,H,88
91WN00543, 91036992,91,03,L6992,2,82,30,325,3,2,8,5,2.0,2,2,1,100,118,17,83,70,523, 5, 0, 0, 0, 51,p23,,,1,1,1,0,248,1232,,,,,376603,03,3573,03,,71,615,82,C,84
91WN00544, 91036993,91,03,L6993,2,82,30,325,3,2,8,5,2.0,2,2,1,100,118,20,80,63,466, 5, 0, 0, 0, 40,,,,1,1,2,0,248,1232,93,,281,,376603,03,3573,03,,64,562,82,3,70
91WN00545, 91036994,91,03,L6994,1,81,30,P-3,1,1,1,1,1.0,1,1,1,100,118,7,112,88,651, 5, 0, 0, 0, 60,,,,2,1,6,0,203,1158,93,,266,,358703,03,5264,03,,89,563,81,3,100
91WN00546, 91036995,91,03,L6995,2,81,30,314,2,2,5,5,6.0,6,4,1,100,118,35,100,65,466, 5, 0, 0, 0, 49,017,,,4,1,1,0,181,1273,92,,262,,439603,03,8371,02,,66,539,81,2,75
91WN00547, 91036996,91,03,L6996,2,81,30,314,2,2,5,5,6.0,6,4,1,100,118,25,102,80,592, 6, 0, 0, 0, 60,p12,,,1,1,1,0,181,1273,,,,,439603,03,8371,02,,81,652,81,P,90
91WN00548, 91036997,91,03,L6997,2,82,30,328,2,2,5,5,2.0,2,2,1,100,118,28,82,71,532, 7, 0, 0, 0, 51,p21,,,2,1,1,0,215,1385,,,,,416403,03,3905,03,,72,638,82,C,86
91WN00549, 91036998,91,03,L6998,1,82,30,328,2,2,5,5,2.0,2,2,1,100,118,26,88,69,510,10, 0, 0, 0, 49,,,,1,1,3,0,215,1385,93,,321,,416403,03,3905,03,,70,573,82,H,76
91WN00550, 91037000,91,03,L7000,2,83,30,333,3,2,8,5,3.0,3,3,1,100,118,5,72,69,524, 4, 0, 0, 0, 45,p02,,,1,1,1,0,203,1147,,,,,421203,03,2343,03,,70,575,83,W,79
91WN00551, 91037001,91,03,L7001,1,83,30,333,3,2,8,5,3.0,3,3,1,100,118,20,72,76,583, 4, 0, 0, 0, 54,,,,2,1,2,0,203,1147,93,,321,,421203,03,2343,03,,77,613,83,H,85
91WN00552, 91037002,91,03,L7002,2,82,30,P-5,1,1,1,1,1.0,1,1,1,100,118,6,84,76,573, 5, 0, 0, 0, 55,p24,,,1,1,1,0,203,1146,,,,,346703,03,4703,03,,77,567,82,C,89
91WN00553, 91037003,91,03,L7003,2,81,30,311,2,2,5,5,2.0,2,2,1,100,118,10,97,71,519, 5, 0, 0, 0, 51,010,,,1,1,2,0,198,1241,92,,262,,380103,03,3508,03,,72,602,81,2,90
91WN00554, 91037004,91,03,L7004,1,81,30,311,2,2,5,5,2.0,2,2,1,100,118,26,100,69,500, 6, 0, 0, 0, 51,,,,2,1,2,0,198,1241,93,,321,,380103,03,3508,03,,70,563,81,H,81
91WN00555, 91037005,91,03,L7005,2,82,30,324,2,2,5,5,2.0,2,2,1,100,118,2,83,77,582, 6, 0, 0, 0, 53,p23,,,2,1,1,0,198,1223,,,,,374203,03,3946,03,,78,654,82,C,85
91WN00556, 91037006,91,03,L7006,2,82,30,324,2,2,5,5,2.0,2,2,1,100,118,12,91,75,558, 6, 0, 0, 0, 51,013,,,2,1,1,0,198,1223,92,,262,,374203,03,3946,03,,76,643,82,2,83
91WN00557, 91037008,91,03,L7008,2,81,30,313,3,2,8,4,6.5,6,4,1,100,118,28,91,67,491, 6, 0, 0, 0, 47,029,,,1,1,1,0,191,1148,93,,281,,434303,03,7630,02,,68,522,81,2,77
91WN00558, 91037009,91,03,L7009,2,81,30,313,3,2,8,6,6.5,6,4,1,100,118,5,75,59,436,12, 0, 0, 0, 41,008,,,3,1,1,0,191,1148,92,,262,,434303,03,7630,02,,60,480,81,2,69
91WN00559, 91037011,91,03,L7011,1,82,30,322,4,2,0,4,2.0,2,2,1,100,118,17,68,71,544, 6, 0, 0, 0, 54,,,,2,1,2,0,248,1412,,,,,354503,03,4071,03,,72,573,82,C,80
91WN00560, 91037012,91,03,L7012,1,82,30,322,4,2,0,6,2.0,2,2,1,100,118,19,52,73,575, 6, 0, 0, 0, 50,,,,2,1,2,0,248,1412,93,,350,,354503,03,4071,03,,74,680,82,H,81
91WN00561, 91037013,91,03,L7013,2,82,30,P-5,2,1,3,2,1.0,1,1,1,100,118,25,78,42,290, 7, 0, 0, 0, 30,,,,2,1,1,0,213,1084,93,16,281,,346703,03,5181,03,,43,331,82,3,55
91WN00562, 91037015,91,03,L7015,2,80,30,304,2,2,5,5,3.0,3,3,1,100,118,25,87,58,418, 6, 0, 0, 0, 43,019,,,2,1,1,0,203,1233,93,,281,,382203,03,2152,03,,59,495,80,2,70
91WN00563, 91037016,91,03,L7016,2,80,30,304,2,2,5,5,3.0,3,3,1,100,118,6,88,63,459, 6, 0, 0, 0, 49,015,,,1,1,1,0,203,1233,93,,281,,382203,03,2152,03,,64,511,80,2,78
91WN00564, 91037017,91,03,L7017,1,83,30,332,2,2,5,4,2.0,2,2,1,100,118,23,102,75,549, 5, 0, 0, 0, 53,,,,1,1,2,0,215,1239,93,,321,,417003,03,4347,03,,76,586,83,H,90
91WN00565, 91037018,91,03,L7018,3,83,30,332,2,2,5,6,2.0,2,2,1,100,118,17,87,70,519, 6, 0, 0, 0, 46,,,,1,1,1,0,215,1239,93,,321,,417003,03,4347,03,,71,620,83,*,85
91WN00566, 91037019,91,03,L7019,3,82,30,324,1,1,1,1,2.0,2,2,1,100,118,2,60,75,585, 6, 0, 0, 0, 52,,,,2,1,1,0,198,957,93,,321,,374203,03,3505,03,,76,545,82,*,75
91WN00567, 91037020,91,03,L7020,2,82,30,328,3,3,9,8,3.0,3,3,1,100,118,28,63,63,481, 8, 0, 0, 0, 41,004,,,2,1,1,0,245,1410,92,,262,,416403,03,2056,03,,64,572,82,2,80
91WN00568, 91037021,91,03,L7021,1,82,30,328,3,3,9,8,3.0,3,3,1,100,118,6,74,58,429, 6, 0, 0, 0, 41,,,,1,1,2,0,245,1410,93,95,266,,416403,03,2056,03,,59,492,82,3,67
91WN00569, 91037022,91,03,L7022,2,82,30,328,3,3,9,8,3.0,3,3,1,100,118,32,70,55,407, 5, 0, 0, 0, 39,031,,,1,1,1,0,245,1410,93,,281,,416403,03,2056,03,,56,503,82,2,73
91WN00570, 91037023,91,03,L7023,1,81,30,311,2,2,5,5,3.0,3,3,1,100,118,5,115,91,674, 7, 0, 0, 0, 63,,,,2,1,2,0,203,1316,,,,,380103,03,2389,03,,92,684,81,P,97
91WN00571, 91037024,91,03,L7024,1,81,30,311,2,2,5,5,3.0,3,3,1,100,118,16,113,72,514, 6, 0, 0, 0, 56,,,,1,1,3,0,203,1316,93,,350,,380103,03,2389,03,,73,539,81,H,78
91WN00572, 91037025,91,03,L7025,2,80,30,303,2,1,3,2,3.5,3,3,1,100,118,16,51,75,592, 5, 0, 0, 0, 54,009,,,2,1,1,0,231,1152,92,,262,,427803,03,1302,03,,76,581,80,2,94
91WN00573, 91037027,91,03,L7027,1,81,30,312,1,1,1,1,3.0,3,3,1,100,118,26,78,65,485, 4, 0, 0, 0, 48,,,,1,1,2,0,188,1072,93,,266,,385603,03,1941,03,,66,382,81,3,74
91WN00574, 91037028,91,03,L7028,2,83,30,P-8,2,1,3,2,1.0,1,1,1,100,118,16,78,67,502, 6, 0, 0, 0, 46,023,,,1,1,1,0,213,1132,93,,281,,361303,03,5357,03,,68,531,83,2,82
91WN00575, 91037030,91,03,L7030,3,83,30,331,2,1,3,2,4.0,4,4,1,100,118,20,97,97,740, 4, 0, 0, 0, 67,,,,1,1,2,0,222,983,93,,281,,394303,03,0727,03,,98,692,83,3,104
91WN00576, 91037031,91,03,L7031,2,81,30,314,2,1,3,2,3.5,3,3,1,100,118,24,103,84,625, 6, 0, 0, 0, 63,p12,,,1,1,1,0,217,1310,,,,,439603,03,1742,03,,85,625,81,P,99
91WN00577, 91037032,91,03,L7032,2,81,30,311,3,2,8,5,7.0,7,5,1,100,118,1,85,83,631, 5, 0, 0, 0, 58,p11,,,1,1,1,0,229,1334,,,,,380103,03,7138,02,,84,674,81,P,91
91WN00578, 91037033,91,03,L7033,2,81,30,311,3,2,8,5,7.0,7,5,1,100,118,11,79,71,535, 7, 0, 0, 0, 51,004,,,2,1,1,0,229,1334,92,,262,,380103,03,7138,02,,72,591,81,2,80
91WN00579, 91037034,91,03,L7034,1,81,30,311,3,1,7,2,7.0,7,5,1,100,118,7,95,100,767, 7, 0, 0, 0, 73,,,,1,1,2,0,229,1334,,,,,380103,03,7138,02,,102,678,81,P,109
91WN00580, 91037036,91,03,L7036,2,82,30,328,3,2,8,5,4.0,4,4,1,101,117,17,92,72,537, 6, 0, 0, 0, 52,p23,,,2,1,1,0,247,1432,,,,,416403,03,0877,03,,74,587,82,C,83
91WN00581, 91037037,91,03,L7037,2,82,30,328,3,2,8,5,4.0,4,4,1,101,117,2,80,71,538, 6, 0, 0, 0, 48,004,,,1,1,1,0,247,1432,92,95,262,,416403,03,0877,03,,73,569,82,2,81
91WN00582, 91037038,91,03,L7038,2,82,30,328,3,1,7,2,4.0,4,4,1,101,117,27,69,69,531, 5, 0, 0, 0, 45,p24,,,2,1,1,0,247,1432,,,,,416403,03,0877,03,,71,519,82,C,78
91WN00583, 91037039,91,03,L7039,1,81,30,313,2,2,5,6,5.0,5,4,2,101,118,1,92,59,422, 6, 0, 0, 0, 39,,,,1,1,2,0,214,1335,93,,266,,434303,03,9455,02,,60,442,81,3,62
91WN00584, 91037040,91,03,L7040,1,81,30,313,2,2,5,4,5.0,5,4,1,101,117,32,108,76,557, 5, 0, 0, 0, 58,,,,2,1,2,0,214,1335,93,,266,,434303,03,9455,02,,78,564,81,3,84
91WN00585, 91037041,91,03,L7041,1,81,30,312,2,2,5,5,3.5,3,3,1,101,117,13,85,60,440, 7, 0, 0, 0, 41,,,,2,1,2,0,217,1404,93,,266,,385603,03,1601,03,,61,462,81,3,69
91WN00586, 91037042,91,03,L7042,1,81,30,312,2,2,5,5,3.5,3,3,1,101,117,15,99,70,514, 6, 0, 0, 0, 47,,,,2,1,2,0,217,1404,,,,,385603,03,1601,03,,72,538,81,P,77
91WN00587, 91037044,91,03,L7044,3,81,30,P-4,2,1,3,2,1.0,1,1,1,101,117,16,55,63,491, 6, 0, 0, 0, 39,NON,,,1,1,1,0,213,1122,,,,,373703,03,4773,03,,64,496,81,9,72
91WN00588, 91037046,91,03,L7046,2,83,30,P-8,2,1,3,2,1.0,1,1,1,101,117,1,68,56,421, 7, 0, 0, 0, 43,,,,3,1,1,0,213,1106,93,16,281,,361303,03,5160,03,,57,432,83,3,62
91WN00589, 91037047,91,03,L7047,2,80,30,P-1,2,1,3,2,1.0,1,1,1,101,117,4,86,79,602, 5, 0, 0, 0, 55,p01,,,1,1,1,0,213,1154,,,,,362403,03,5763,03,,81,617,80,W,88
91WN00590, 91037050,91,03,L7050,2,80,30,P-2,2,1,3,2,1.0,1,1,1,101,117,12,78,68,515, 5, 0, 0, 0, 50,p01,,,2,1,1,0,213,1134,,,,,429203,03,5724,03,,70,540,80,W,79
91WN00591, 91037054,91,03,L7054,3,80,30,P-1,1,1,1,1,1.0,1,1,1,101,117,3,111,85,632, 7, 0, 0, 0, 60,,,,1,1,1,0,203,1162,93,,321,,362403,03,4758,03,,87,609,80,*,99
91WN00592, 91037055,91,03,L7055,2,80,30,303,1,1,1,1,4.0,4,4,1,101,117,23,106,76,559, 6, 0, 0, 0, 57,020,,,2,1,1,0,184,1038,93,,281,,427803,03,0548,03,,78,520,80,2,89
91WN00593, 91037056,91,03,L7056,1,81,30,313,2,2,5,5,3.0,3,3,1,101,117,27,92,73,545, 8, 0, 0, 0, 53,,,,2,1,2,0,188,1136,,,,,434303,03,2131,03,,75,585,81,C,81
91WN00594, 91037057,91,03,L7057,1,81,30,313,2,2,5,5,3.0,3,3,1,101,117,17,102,83,622, 6, 0, 0, 0, 59,,,,2,1,2,0,188,1136,93,,321,,434303,03,2131,03,,85,649,81,H,91
91WN00595, 91037058,91,03,L7058,2,82,30,323,2,1,3,2,5.0,5,4,1,101,117,34,100,86,650, 5, 0, 0, 0, 68,009,,,1,1,1,0,192,1007,92,,262,,369803,03,9165,02,,88,647,82,2,98
91WN00596, 91037060,91,03,L7060,3,82,30,321,1,1,1,1,3.5,3,3,1,101,117,1,104,82,612, 5, 0, 0, 0, 57,,,,1,1,1,0,203,1111,93,,321,,353103,03,1612,03,,84,546,82,*,94
91WN00597, 91037063,91,03,L7063,2,83,30,334,4,2,0,6,2.0,2,2,1,101,117,29,60,61,470, 7, 0, 0, 0, 46,032,,,1,1,1,0,282,1216,93,,281,,422103,03,3996,03,,62,589,83,2,70
91WN00598, 91037064,91,03,L7064,2,83,30,334,4,2,0,4,2.0,2,2,1,101,117,5,74,72,552, 5, 0, 0, 0, 54,p02,,,1,1,1,0,282,1216,,,,,422103,03,3996,03,,74,597,83,W,83
91WN00599, 91037067,91,03,L7067,1,80,30,304,4,2,0,6,6.0,6,4,1,101,117,24,89,84,642, 5, 0, 0, 0, 59,,,,2,1,2,0,221,1249,,,,,382203,03,8261,02,,86,712,80,W,89
91WN00600, 91037068,91,03,L7068,1,80,30,304,4,2,0,4,6.0,6,4,1,101,117,17,109,83,616, 7, 0, 0, 0, 59,,,,2,1,3,0,221,1249,,,,,382203,03,8261,02,,85,603,80,W,92
91WN00601, 91037069,91,03,L7069,2,80,30,P-2,1,1,1,1,1.0,1,1,1,101,117,17,125,73,517, 6, 0, 0, 0, 56,p01,,,1,1,1,0,203,1146,,,,,429203,03,5541,03,,75,527,80,W,83
91WN00602, 91037071,91,03,L7071,2,80,30,301,3,2,8,5,4.0,4,4,1,101,117,3,78,70,532, 6, 0, 0, 0, 54,032,,,1,1,1,0,222,1210,93,,281,,395803,03,0891,03,,72,564,80,2,72
91WN00603, 91037072,91,03,L7072,2,80,30,301,3,2,8,5,4.0,4,4,1,101,117,20,84,65,484, 5, 0, 0, 0, 52,OUT,,,1,1,1,0,222,1210,93,14,281,,395803,03,0891,03,,66,538,80,3,74
91WN00604, 91037074,91,03,L7074,1,81,30,313,2,1,3,2,2.0,2,2,1,101,117,8,83,75,570, 4, 0, 0, 0, 60,,,,1,1,2,0,215,1054,93,,321,,434303,03,3977,03,,77,512,81,H,84
91WN00605, 91037076,91,03,L7076,2,83,30,333,3,2,8,5,5.0,5,4,1,101,117,13,75,70,534, 4, 0, 0, 0, 48,p01,,,2,1,1,0,192,1041,,,,,421203,03,9487,02,,72,579,83,W,85
91WN00606, 91037077,91,03,L7077,1,83,30,333,3,2,8,5,5.0,5,4,1,101,117,28,80,89,692, 6, 0, 0, 0, 67,,,,2,1,2,0,192,1041,,,,,421203,03,9487,02,,91,716,83,G,99
91WN00607, 91037079,91,03,L7079,2,83,30,334,3,2,8,6,3.5,3,3,1,101,117,4,75,71,543, 4, 0, 0, 0, 50,p01,,,1,1,1,0,245,1269,,,,,422103,03,1476,03,,73,604,83,W,83
91WN00608, 91037080,91,03,L7080,1,83,30,334,3,2,8,4,3.5,3,3,1,101,117,27,90,70,521, 7, 0, 0, 0, 54,,,,1,1,2,0,245,1269,93,,321,,422103,03,1476,03,,72,539,83,H,83
91WN00609, 91037082,91,03,L7082,1,82,30,322,3,2,8,5,3.0,3,3,1,101,117,22,80,74,564, 7, 0, 0, 0, 55,,,,2,1,3,0,203,1152,93,,321,,354503,03,2482,03,,76,598,82,H,86
91WN00610, 91037083,91,03,L7083,1,82,30,322,3,2,8,5,3.0,3,3,1,101,117,19,85,68,509, 7, 0, 0, 0, 50,,,,1,1,3,0,203,1152,,,,,354503,03,2482,03,,70,539,82,C,80
91WN00611, 91037085,91,03,L7085,2,83,30,331,3,2,8,5,2.0,2,2,1,102,116,22,61,64,499, 6, 0, 0, 0, 44,029,,,1,1,1,0,215,1267,93,,281,,394303,03,3589,03,,66,600,83,2,77
91WN00612, 91037086,91,03,L7086,2,83,30,331,3,2,8,5,2.0,2,2,1,102,116,29,71,71,551, 6, 0, 0, 0, 50,p01,,,2,1,1,0,215,1267,66,,365,,394303,03,3589,03,,73,661,83,W,83
91WN00613, 91037087,91,03,L7087,2,82,30,322,2,2,5,5,5.0,5,4,1,102,116,19,62,53,403, 6, 0, 0, 0, 37,033,,,1,1,1,0,203,1237,92,,262,,354503,03,9164,02,,55,457,82,2,66
91WN00614, 91037088,91,03,L7088,1,82,30,322,2,2,5,5,5.0,5,4,1,102,116,29,59,72,570, 8, 0, 0, 0, 53,,,,2,1,2,0,203,1237,,,,,354503,03,9164,02,,74,597,82,C,78
91WN00615, 91037089,91,03,L7089,3,80,30,302,3,2,8,4,2.0,2,2,1,102,116,18,64,58,445, 5, 0, 0, 0, 39,Rum,,,1,1,1,0,232,1322,,,,,425203,03,4001,03,,60,514,80,9,70
91WN00616, 91037090,91,03,L7090,2,80,30,302,3,2,8,6,2.0,2,2,1,102,116,8,54,65,514, 4, 0, 0, 0, 46,006,,,1,1,1,0,232,1322,92,95,262,,425203,03,4001,03,,67,607,80,2,75
91WN00617, 91037092,91,03,L7092,2,81,30,311,3,2,8,5,3.0,3,3,1,102,116,5,81,67,508, 5, 0, 0, 0, 47,002,,,1,1,1,0,231,1275,92,,262,,380103,03,2237,03,,69,561,81,2,88
91WN00618, 91037093,91,03,L7093,1,81,30,311,3,2,8,5,3.0,3,3,1,102,116,18,89,73,553, 6, 0, 0, 0, 53,,,,1,1,5,0,231,1275,93,,321,,380103,03,2237,03,,75,583,81,H,82
91WN00619, 91037096,91,03,L7096,3,80,30,302,2,2,5,5,2.0,2,2,1,102,116,25,96,59,426, 6, 0, 0, 0, 40,,,,2,1,2,0,198,1198,93,,350,,425203,03,3892,03,,61,493,80,*,72
91WN00620, 91037097,91,03,L7097,2,80,30,302,2,2,5,5,2.0,2,2,1,102,116,5,96,54,383, 8, 0, 0, 0, 38,033,,,1,1,1,0,198,1198,92,,262,,425203,03,3892,03,,56,462,80,2,66
91WN00621, 91037099,91,03,L7099,3,81,30,311,2,1,3,2,3.0,3,3,1,102,116,4,92,86,662, 6, 0, 0, 0, 65,,,,1,1,2,0,203,1128,93,,281,,380103,03,2007,03,,89,613,81,3,97
91WN00622, 91037101,91,03,L7101,2,83,30,333,3,1,7,2,4.5,4,4,1,102,116,33,70,54,405, 5, 0, 0, 0, 42,008,,,2,1,1,0,197,769,92,21,262,,421203,03,0439,03,,56,402,83,2,71
91WN00623, 91037103,91,03,L7103,2,83,30,P-7,2,1,3,2,1.0,1,1,1,102,116,10,79,77,596, 5, 0, 0, 0, 51,p02,,,2,1,1,0,213,1152,,,,,354103,03,5498,03,,79,620,83,W,93
91WN00624, 91037105,91,03,L7105,2,80,30,P-2,2,1,3,2,1.0,1,1,1,102,116,3,87,78,597, 6, 0, 0, 0, 51,p02,,,1,1,1,0,213,1152,,,,,429203,03,5021,03,,80,611,80,W,89
91WN00625, 91037108,91,03,L7108,2,81,30,P-4,3,1,7,2,1.0,1,1,1,102,71,0,61,54,675, 0, 0, 0, 0, 54,,,,,1,,0,223,1152,97,,227,,373703,03,4882,03,,87,,81,7,0
91WN00626, 91037109,91,03,L7109,2,80,30,P-1,2,2,5,5,1.0,1,1,1,102,116,3,85,44,306, 8, 0, 0, 0, 33,,,,1,1,1,0,213,1228,93,,281,,362403,03,4787,03,,45,396,80,3,57
91WN00627, 91037110,91,03,L7110,2,80,30,P-1,2,2,5,5,1.0,1,1,1,102,116,26,93,59,428, 7, 0, 0, 0, 40,024,,,1,1,1,0,213,1228,93,,281,,362403,03,4787,03,,61,549,80,2,65
91WN00628, 91037112,91,03,L7112,2,81,30,P-4,2,1,3,2,1.0,1,1,1,102,116,17,79,62,466, 6, 0, 0, 0, 44,032,,,1,1,1,0,213,1124,93,,281,,373703,03,5170,03,,64,499,81,2,69
91WN00629, 91037114,91,03,L7114,1,80,30,303,3,2,8,6,2.0,2,2,1,102,116,1,73,68,523, 8, 0, 0, 0, 48,,,,2,1,2,0,232,1214,93,,266,,427803,03,3938,03,,70,607,80,3,78
91WN00630, 91037115,91,03,L7115,2,80,30,303,3,2,8,4,2.0,2,2,1,102,116,16,88,67,502, 7, 0, 0, 0, 43,004,,,1,1,1,0,232,1214,92,,262,,427803,03,3938,03,,69,563,80,2,81
91WN00631, 91037117,91,03,L7117,2,83,30,P-8,1,1,1,1,1.0,1,1,1,102,116,10,111,90,680, 6, 0, 0, 0, 64,p01,,,1,1,1,0,203,1178,,,,,361303,03,5462,03,,93,682,83,W,105
91WN00632, 91037118,91,03,L7118,1,83,30,334,1,1,1,1,2.0,2,2,1,102,116,4,98,83,631, 5, 0, 0, 0, 59,,,,1,1,3,0,198,1077,93,,321,,422103,03,3665,03,,86,528,83,H,90
91WN00633, 91037119,91,03,L7119,2,82,30,323,2,2,5,5,3.0,3,3,1,102,116,24,91,69,516, 5, 0, 0, 0, 47,p21,,,1,1,1,0,203,1089,,,,,369803,03,2510,03,,71,594,82,C,80
91WN00634, 91037120,91,03,L7120,2,82,30,323,2,2,5,5,3.0,3,3,1,102,116,2,88,71,536, 5, 0, 0, 0, 51,014,,,1,1,1,0,203,1089,93,,281,,369803,03,2510,03,,73,585,82,2,80
91WN00635, 91037123,91,03,L7123,3,81,30,313,2,2,5,5,2.0,2,2,1,102,116,8,92,74,559, 6, 0, 0, 0, 54,,,,2,1,2,0,215,1260,93,,321,,434303,03,3544,03,,76,604,81,*,85
91WN00636, 91037124,91,03,L7124,2,81,30,313,2,2,5,5,2.0,2,2,1,102,116,13,79,65,492,10, 0, 0, 0, 44,017,,,1,1,1,0,215,1260,92,,262,,434303,03,3544,03,,67,581,81,2,75
91WN00637, 91037125,91,03,L7125,1,81,30,313,2,1,3,2,6.0,6,4,1,102,116,8,109,92,699, 6, 0, 0, 0, 67,,,,2,1,2,0,211,1083,93,95,266,,434303,03,8302,02,,95,599,81,3,103
91WN00638, 91037127,91,03,L7127,2,83,30,332,2,1,3,2,6.0,6,4,1,102,116,4,79,74,570, 4, 0, 0, 0, 53,p12,,,1,1,1,0,231,1291,,,,,417003,03,7999,02,,76,529,83,P,87
91WN00639, 91037128,91,03,L7128,1,82,30,323,2,2,5,5,3.0,3,3,1,102,116,27,115,87,651, 5, 0, 0, 0, 67,,,,2,1,2,0,203,1231,93,,321,,369803,03,2248,03,,90,692,82,H,88
91WN00640, 91037129,91,03,L7129,1,82,30,323,2,2,5,5,3.0,3,3,1,102,116,18,106,71,521, 5, 0, 0, 0, 49,,,,2,1,2,0,203,1231,,,,,369803,03,2248,03,,73,551,82,C,75
91WN00641, 91037130,91,03,L7130,2,80,30,303,2,2,5,5,2.0,2,2,1,102,116,18,94,65,479, 7, 0, 0, 0, 43,030,,,1,1,1,0,198,1064,93,,281,,427803,03,3854,03,,67,575,80,2,75
91WN00642, 91037131,91,03,L7131,2,80,30,303,2,2,5,5,2.0,2,2,1,102,116,33,105,76,565, 8, 0, 0, 0, 53,PPL,,,3,2,1,0,198,1064,93,02,256,,427803,03,3854,03,,78,680,80,5,92
91WN00643, 91037132,91,03,L7132,2,83,30,332,2,1,3,2,2.0,2,2,1,102,116,7,66,79,624, 4, 0, 0, 0, 54,p11,,,1,1,1,0,215,1278,,,,,417003,03,3516,03,,81,629,83,P,90
91WN00644, 91037133,91,03,L7133,2,82,30,326,2,2,5,5,2.0,2,2,1,102,116,5,79,67,509, 6, 0, 0, 0, 39,p23,,,1,1,1,0,198,1223,,,,,391803,03,3437,03,,69,588,82,C,81
91WN00645, 91037134,91,03,L7134,2,82,30,326,2,2,5,5,2.0,2,2,1,102,116,21,84,63,471, 7, 0, 0, 0, 42,017,,,1,1,1,0,198,1223,92,,262,,391803,03,3437,03,,65,571,82,2,76
91WN00646, 91037137,91,03,L7137,2,80,30,301,3,2,8,5,7.0,7,5,1,102,116,18,105,74,547, 6, 0, 0, 0, 53,001,,,2,1,1,0,229,1273,92,,262,,395803,03,7043,02,,76,614,80,2,93
91WN00647, 91037138,91,03,L7138,1,80,30,301,3,2,8,5,7.0,7,5,1,102,116,21,96,67,495, 6, 0, 0, 0, 47,,,,2,1,2,0,229,1273,,,,,395803,03,7043,02,,69,526,80,W,74
91WN00648, 91037140,91,03,L7140,1,83,30,334,3,2,8,4,2.0,2,2,1,102,116,7,85,73,556, 6, 0, 0, 0, 50,,,,1,1,2,0,215,1207,93,14,266,,422103,03,4160,03,,75,574,83,3,86
91WN00649, 91037141,91,03,L7141,1,83,30,334,3,2,8,6,2.0,2,2,1,102,116,7,70,66,509, 8, 0, 0, 0, 43,,,,1,1,4,0,215,1207,93,,266,,422103,03,4160,03,,68,601,83,3,72
91WN00650, 91037142,91,03,L7142,3,83,30,334,2,2,5,5,2.0,2,2,1,102,116,15,88,68,510, 5, 0, 0, 0, 48,,,,2,1,2,0,215,1412,93,,321,,422103,03,3572,03,,70,564,83,*,80
91WN00651, 91037143,91,03,L7143,3,83,30,334,2,2,5,5,2.0,2,2,1,102,116,17,76,81,633, 4, 0, 0, 0, 54,,,,2,1,2,0,215,1412,93,,321,,422103,03,3572,03,,84,690,83,*,94
91WN00652, 91037144,91,03,L7144,2,81,30,312,2,2,5,5,4.0,4,4,1,102,116,13,103,74,549, 5, 0, 0, 0, 48,p11,,,1,1,1,0,209,1319,,,,,385603,03,0969,03,,76,595,81,P,86
91WN00653, 91037145,91,03,L7145,1,81,30,312,2,2,5,5,4.0,4,4,1,102,116,3,110,88,664, 5, 0, 0, 0, 64,,,,2,1,2,0,209,1319,,,,,385603,03,0969,03,,91,657,81,P,94
91WN00654, 91037146,91,03,L7146,2,80,30,304,2,2,5,5,2.0,2,2,1,102,116,20,88,55,398, 8, 0, 0, 0, 49,012,,,1,1,1,0,198,1202,93,,281,,382203,03,3633,03,,57,496,80,2,84
91WN00655, 91037147,91,03,L7147,3,80,30,304,2,2,5,5,2.0,2,2,1,102,116,25,86,62,460, 7, 0, 0, 0, 45,,,,1,1,1,0,198,1202,93,,321,,382203,03,3633,03,,64,527,80,*,74
91WN00656, 91037148,91,03,L7148,2,83,30,333,2,2,5,5,2.0,2,2,1,102,116,28,85,68,513, 4, 0, 0, 0, 57,032,,,1,1,1,0,198,1031,93,,281,,421203,03,4317,03,,70,622,83,2,71
91WN00657, 91037149,91,03,L7149,2,83,30,333,2,2,5,5,2.0,2,2,2,102,117,7,86,65,482, 6, 0, 0, 0, 47,015,,,1,1,1,0,198,1031,93,,281,,421203,03,4317,03,,66,544,83,2,78
91WN00658, 91037151,91,03,L7151,2,83,30,331,2,1,3,2,4.0,4,4,1,102,116,22,92,70,524, 7, 0, 0, 0, 51,012,,,2,1,1,0,209,942,93,,281,,394303,03,0848,03,,72,506,83,2,84
91WN00659, 91037152,91,03,L7152,3,83,30,331,3,1,7,2,3.5,3,3,1,102,116,33,49,53,415, 5, 0, 0, 0, 34,,,,2,1,2,0,231,1209,97,,249,,394303,03,1147,03,,55,404,83,3,0
91WN00660, 91037155,91,03,L7155,2,83,30,334,3,1,7,2,4.0,4,4,1,102,116,6,99,78,587, 4, 0, 0, 0, 64,p11,,,2,1,1,0,234,1207,,,,,422103,03,0657,03,,80,548,83,P,87
91WN00661, 91037158,91,03,L7158,2,80,30,303,3,2,8,5,4.0,4,4,1,102,116,22,75,74,573, 7, 0, 0, 0, 51,003,,,2,1,1,0,222,1341,92,,262,,427803,03,0906,03,,76,631,80,2,85
91WN00662, 91037159,91,03,L7159,2,80,30,303,3,2,8,5,4.0,4,4,1,102,116,12,75,62,470, 6, 0, 0, 0, 42,005,,,2,1,1,0,222,1341,92,,262,,427803,03,0906,03,,64,515,80,2,77
91WN00663, 91037160,91,03,L7160,1,82,30,326,2,2,5,5,2.0,2,2,1,102,116,6,106,71,521, 4, 0, 0, 0, 48,,,,1,1,2,0,215,1410,,,,,391803,03,4364,03,,73,560,82,C,81
91WN00664, 91037161,91,03,L7161,3,82,30,326,2,2,5,5,2.0,2,2,1,102,116,32,94,74,557, 4, 0, 0, 0, 51,,,,1,2,2,0,215,1410,93,02,321,,391803,03,4364,03,,76,634,82,*,93
91WN00665, 91037163,91,03,L7163,1,82,30,325,3,2,8,5,2.0,2,2,1,102,116,27,75,63,478, 7, 0, 0, 0, 42,,,,2,1,2,0,215,1276,,,,,376603,03,4303,03,,65,545,82,C,73
91WN00666, 91037164,91,03,L7164,1,82,30,325,3,2,8,5,2.0,2,2,1,102,116,10,83,81,627, 4, 0, 0, 0, 56,,,,1,1,3,0,215,1276,93,,266,,376603,03,4303,03,,84,672,82,3,95
91WN00667, 91037166,91,03,L7166,1,83,30,332,3,1,7,2,4.0,4,4,1,102,116,12,76,85,667, 5, 0, 0, 0, 62,,,,1,1,2,0,222,1097,93,,266,,417003,03,0678,03,,88,573,83,3,93
91WN00668, 91037168,91,03,L7168,2,82,30,323,2,2,5,5,3.5,3,3,1,102,116,11,98,72,536, 5, 0, 0, 0, 51,p23,,,2,1,1,0,217,1310,,,,,369803,03,1092,03,,74,597,82,C,87
91WN00669, 91037169,91,03,L7169,1,82,30,323,2,2,5,5,3.5,3,3,1,102,116,23,104,90,686, 6, 0, 0, 0, 60,,,,2,1,2,0,217,1310,93,,266,,369803,03,1092,03,,93,722,82,3,100
91WN00670, 91037172,91,03,L7172,2,80,30,303,3,1,7,2,2.0,2,2,1,102,116,27,66,73,572, 6, 0, 0, 0, 56,001,,,1,1,1,0,232,1068,92,,262,,427803,03,3725,03,,75,604,80,2,90
91WN00671, 91037173,91,03,L7173,2,82,30,321,2,2,5,5,4.0,4,4,1,102,116,5,96,71,529, 3, 0, 0, 0, 51,011,,,1,1,2,0,197,1139,92,95,262,,353103,03,0770,03,,73,565,82,2,86
91WN00672, 91037174,91,03,L7174,2,82,30,321,2,2,5,5,4.0,4,4,1,102,116,10,90,75,569, 4, 0, 0, 0, 50,OUT,,,1,1,1,0,197,1139,93,14,281,,353103,03,0770,03,,77,612,82,3,85
91WN00673, 91037176,91,03,L7176,3,80,30,303,2,1,3,2,2.0,2,2,1,102,116,28,78,70,536, 6, 0, 0, 0, 60,,,,2,1,2,0,198,1098,93,,321,,427803,03,3373,03,,72,544,80,*,89
91WN00674, 91037177,91,03,L7177,1,82,30,323,3,1,7,2,3.0,3,3,1,102,116,16,71,70,542, 5, 0, 0, 0, 47,,,,2,1,2,0,217,1079,,,,,369803,03,2079,03,,72,470,82,C,77
91WN00675, 91037179,91,03,L7179,2,82,30,323,3,1,7,2,3.0,3,3,1,102,116,4,79,75,578, 6, 0, 0, 0, 48,027,,,2,1,1,0,217,1079,92,,262,,369803,03,2079,03,,77,554,82,2,84
91WN00676, 91037182,91,03,L7182,2,81,30,P-3,1,1,1,1,1.0,1,1,1,102,116,20,85,71,539, 5, 0, 0, 0, 50,025,,,2,1,1,0,203,1144,93,,281,,358703,03,4766,03,,73,554,81,2,85
91WN00677, 91037183,91,03,L7183,2,80,30,302,2,2,5,6,3.0,3,3,1,103,115,35,86,59,438, 4, 0, 0, 0, 41,030,,,1,1,2,0,188,1130,93,,281,,425203,03,2259,03,,61,542,80,2,75
91WN00678, 91037184,91,03,L7184,1,80,30,302,2,2,5,4,3.0,3,3,1,103,115,21,108,76,567, 6, 0, 0, 0, 56,,,,2,1,2,0,188,1130,93,39,266,,425203,03,2259,03,,79,579,80,3,80
91WN00679, 91037185,91,03,L7185,2,82,30,325,2,2,5,5,7.0,7,5,1,103,115,34,77,65,498, 5, 0, 0, 0, 49,p21,,,1,1,1,0,220,1262,,,,,376603,03,7102,02,,67,588,82,C,80
91WN00680, 91037186,91,03,L7186,2,82,30,325,2,2,5,5,7.0,7,5,1,103,115,35,72,62,477, 5, 0, 0, 0, 44,,,,1,1,1,0,220,1262,93,21,281,,376603,03,7102,02,,64,568,82,3,73
91WN00681, 91037187,91,03,L7187,1,81,30,313,2,2,5,5,2.0,2,2,1,103,115,23,82,59,442, 7, 0, 0, 0, 47,,,,1,1,2,0,215,1327,93,,266,,434303,03,3600,03,,61,505,81,3,68
91WN00682, 91037188,91,03,L7188,2,81,30,313,2,2,5,5,2.0,2,2,1,103,115,33,79,60,453, 5, 0, 0, 0, 44,,,,1,1,1,0,215,1327,93,,281,,434303,03,3600,03,,62,570,81,3,75
91WN00683, 91037189,91,03,L7189,3,83,30,334,1,1,1,1,2.0,2,2,1,103,115,8,83,84,658, 6, 0, 0, 0, 61,,,,1,1,2,0,181,1094,93,95,321,,422103,03,3634,03,,87,629,83,*,97
91WN00684, 91037191,91,03,L7191,2,81,30,314,2,1,3,2,3.0,3,3,1,103,115,1,99,91,705, 6, 0, 0, 0, 69,p11,,,1,1,1,0,203,1038,,,,,439603,03,2142,03,,95,678,81,1,99
91WN00685, 91037192,91,03,L7192,2,82,30,322,2,2,5,5,3.0,3,3,1,103,115,34,88,58,428, 6, 0, 0, 0, 42,018,,,1,1,1,0,188,1109,92,,262,,354503,03,2078,03,,60,521,82,2,71
91WN00686, 91037193,91,03,L7193,2,82,30,322,2,2,5,5,3.0,3,3,1,103,115,19,98,62,454, 6, 0, 0, 0, 43,p24,,,1,1,1,0,188,1109,,,,,354503,03,2078,03,,64,527,82,C,70
91WN00687, 91037194,91,03,L7194,2,83,30,331,2,2,5,5,4.0,4,4,1,103,115,23,106,57,403, 5, 0, 0, 0, 45,016,,,4,1,1,0,222,1324,93,,281,,394303,03,0684,03,,59,464,83,2,77
91WN00688, 91037195,91,03,L7195,2,83,30,331,2,2,5,5,4.0,4,4,1,103,115,35,94,72,544, 4, 0, 0, 0, 52,OUT,,,4,1,1,0,222,1324,97,71,249,,394303,03,0684,03,,75,621,83,3,0
91WN00689, 91037196,91,03,L7196,1,81,30,312,3,2,8,4,3.0,3,3,1,103,115,7,87,68,516, 5, 0, 0, 0, 52,,,,1,1,2,0,231,1104,93,,266,,385603,03,2397,03,,71,510,81,3,74
91WN00690, 91037197,91,03,L7197,2,81,30,312,3,2,8,6,3.0,3,3,1,103,115,25,72,56,424, 5, 0, 0, 0, 41,008,,,2,1,1,0,231,1104,92,,262,,385603,03,2397,03,,58,515,81,2,64
91WN00691, 91037198,91,03,L7198,2,83,30,333,2,2,5,4,3.0,3,3,1,103,115,3,99,81,618, 6, 0, 0, 0, 44,009,,,1,1,1,0,203,1096,92,,262,,421203,03,2360,03,,84,638,83,2,91
91WN00692, 91037199,91,03,L7199,1,83,30,333,2,2,5,6,3.0,3,3,1,103,115,29,84,75,579, 4, 0, 0, 0, 54,,,,1,1,2,0,203,1096,,,,,421203,03,2360,03,,78,676,83,G,83
91WN00693, 91037200,91,03,L7200,1,83,30,334,2,2,5,5,2.0,2,2,1,103,115,24,94,63,466, 7, 0, 0, 0, 44,,,,1,1,2,0,198,1045,93,,266,,422103,03,3435,03,,65,530,83,H,74
91WN00694, 91037201,91,03,L7201,2,83,30,334,2,2,5,5,2.0,2,2,1,103,115,12,102,49,337, 7, 0, 0, 0, 40,,,,1,1,1,0,198,1045,93,,281,,422103,03,3435,03,,51,426,83,3,47
91WN00695, 91037202,91,03,L7202,1,82,30,322,2,2,5,5,4.0,4,4,1,103,115,7,110,85,643, 6, 0, 0, 0, 62,,,,1,1,2,0,184,1071,93,,321,,354503,03,0771,03,,88,642,82,H,89
91WN00696, 91037203,91,03,L7203,2,82,30,322,2,2,5,5,4.0,4,4,1,103,115,35,119,78,575, 5, 0, 0, 0, 58,009,,,2,1,1,0,184,1071,92,16,262,,354503,03,0771,03,,81,652,82,2,92
91WN00697, 91037206,91,03,L7206,2,82,30,P-5,2,1,3,2,1.0,1,1,1,103,115,7,75,68,526, 2, 0, 0, 0, 49,029,,,2,1,1,0,213,1134,93,,281,,346703,03,5167,03,,71,547,82,2,78
91WN00698, 91037208,91,03,L7208,3,80,30,P-1,2,2,5,4,1.0,1,1,1,103,115,34,79,48,349,10, 0, 0, 0, 33,,,,1,1,1,0,213,1240,93,16,281,,362403,03,4713,03,,50,455,80,3,63
91WN00699, 91037209,91,03,L7209,2,80,30,P-1,2,2,5,6,1.0,1,1,1,103,115,22,66,57,438, 7, 0, 0, 0, 39,024,,,2,1,1,0,213,1240,93,,281,,362403,03,4713,03,,59,565,80,2,70
91WN00700, 91037210,91,03,L7210,1,82,30,323,2,1,3,2,3.0,3,3,1,103,115,19,107,76,568, 4, 0, 0, 0, 52,,,,2,1,4,0,217,1030,93,,321,,369803,03,1885,03,,79,501,82,H,87
91WN00701, 91037211,91,03,L7211,2,82,30,323,2,2,5,5,3.0,3,3,1,103,115,5,105,59,422, 8, 0, 0, 0, 40,033,,,2,1,1,0,217,1030,92,,262,,369803,03,1885,03,,61,477,82,2,68
91WN00702, 91037213,91,03,L7213,1,83,30,P-7,2,1,3,2,1.0,1,1,1,103,115,1,69,72,566, 3, 0, 0, 0, 48,,,,1,1,2,0,213,1130,93,79,321,,354103,03,5225,03,,75,516,83,H,77
91WN00703, 91037214,91,03,L7214,2,83,30,331,2,2,5,5,2.0,2,2,1,103,115,29,96,62,456, 5, 0, 0, 0, 48,012,,,2,1,1,0,198,1038,93,,281,,394303,03,3859,03,,64,567,83,2,85
91WN00704, 91037215,91,03,L7215,2,83,30,331,2,2,5,5,2.0,2,2,1,103,115,21,93,67,502, 7, 0, 0, 0, 46,015,,,1,1,1,0,198,1038,93,95,281,,394303,03,3859,03,,70,603,83,2,79
91WN00705, 91037217,91,03,L7217,2,82,30,328,4,1,0,2,5.0,5,4,1,103,115,29,62,76,607, 6, 0, 0, 0, 55,,,,1,1,1,0,281,1189,93,16,281,,416403,03,9143,02,,79,600,82,3,84
91WN00706, 91037219,91,03,L7219,2,82,30,328,4,1,0,2,5.0,5,4,1,103,115,35,80,67,513, 8, 0, 0, 0, 50,p21,,,2,1,1,0,281,1189,,95,,,416403,03,9143,02,,70,513,82,C,82
91WN00707, 91037221,91,03,L7221,2,81,30,313,3,2,8,5,2.0,2,2,1,103,115,19,68,63,489, 5, 0, 0, 0, 43,005,,,2,1,1,0,215,1163,92,,262,,434303,03,3939,03,,65,587,81,2,78
91WN00708, 91037222,91,03,L7222,2,81,30,313,3,2,8,5,2.0,2,2,1,103,115,18,62,27,181, 7, 0, 0, 0, 25,,,,5,1,1,0,215,1163,97,97,249,,434303,03,3939,03,,28,278,81,3,0
91WN00709, 91037223,91,03,L7223,2,80,30,302,2,2,5,5,3.5,3,3,1,103,115,29,99,57,410, 8, 0, 0, 0, 45,,,,2,2,1,0,231,1367,93,01,281,,425203,03,1128,03,,59,496,80,3,73
91WN00710, 91037224,91,03,L7224,3,80,30,302,2,2,5,5,3.5,3,3,1,103,115,33,88,71,541, 8, 0, 0, 0, 54,,,,1,1,1,0,231,1367,93,,321,,425203,03,1128,03,,74,595,80,*,85
91WN00711, 91037225,91,03,L7225,2,83,30,332,2,2,5,5,5.0,5,4,1,103,115,16,91,76,582, 4, 0, 0, 0, 52,PPL,,,1,1,1,0,203,1230,93,02,256,,417003,03,9312,02,,79,634,83,5,89
91WN00712, 91037226,91,03,L7226,2,83,30,332,2,2,5,5,5.0,5,4,1,103,115,20,94,82,631, 6, 0, 0, 0, 60,p11,,,1,1,1,0,203,1230,,,,,417003,03,9312,02,,85,688,83,P,95
91WN00713, 91037227,91,03,L7227,2,80,30,303,3,2,8,5,3.5,3,3,1,103,115,10,95,86,665, 7, 0, 0, 0, 60,p02,,,1,1,1,0,188,961,,95,,,427803,03,1623,03,,89,726,80,W,95
91WN00714, 91037230,91,03,L7230,2,80,30,303,2,2,5,4,2.0,2,2,1,103,115,8,100,68,504,11, 0, 0, 0, 52,OUT,,,2,1,1,0,198,1246,93,16,281,,427803,03,3512,03,,71,556,80,3,80
91WN00715, 91037231,91,03,L7231,2,80,30,303,2,2,5,6,2.0,2,2,1,103,115,8,82,51,372, 8, 0, 0, 0, 33,,,,2,1,1,0,198,1246,93,16,281,,427803,03,3512,03,,53,466,80,3,62
91WN00716, 91037232,91,03,L7232,2,82,30,326,3,3,9,8,4.0,4,4,1,103,115,27,75,78,613, 5, 0, 0, 0, 53,p22,,,2,1,1,0,234,1343,,95,,,391803,03,0789,03,,81,689,82,C,93
91WN00717, 91037233,91,03,L7233,2,82,30,326,3,3,9,8,4.0,4,4,1,103,115,35,95,78,596, 3, 0, 0, 0, 56,001,,,2,1,2,0,234,1343,92,95,262,,391803,03,0789,03,,81,683,82,2,95
91WN00718, 91037234,91,03,L7234,2,82,30,326,3,3,9,8,4.0,4,4,1,103,115,18,85,68,517, 4, 0, 0, 0, 52,p24,,,2,1,1,0,234,1343,,95,,,391803,03,0789,03,,71,581,82,C,85
91WN00719, 91037235,91,03,L7235,1,82,30,321,2,2,5,5,2.0,2,2,1,103,115,18,93,70,528, 4, 0, 0, 0, 43,,,,2,1,2,0,232,1045,93,95,266,,353103,03,3482,03,,73,584,82,3,78
91WN00720, 91037236,91,03,L7236,1,82,30,321,2,2,5,5,2.0,2,2,1,103,115,25,95,75,570, 3, 0, 0, 0, 50,,,,2,1,2,0,232,1045,93,22,322,,353103,03,3482,03,,78,635,82,C,85
91WN00721, 91037237,91,03,L7237,2,82,30,323,2,2,5,5,3.5,3,3,1,103,115,26,96,64,473, 6, 0, 0, 0, 49,p24,,,1,1,1,0,217,1389,,,,,369803,03,1637,03,,66,555,82,C,77
91WN00722, 91037238,91,03,L7238,2,82,30,323,2,2,5,5,3.5,3,3,1,103,115,23,92,65,485, 3, 0, 0, 0, 49,016,,,1,1,1,0,217,1389,93,,281,,369803,03,1637,03,,67,563,82,2,78
91WN00723, 91037239,91,03,L7239,1,82,30,328,2,2,5,5,3.0,3,3,1,103,115,13,98,75,567, 7, 0, 0, 0, 48,,,,2,1,2,0,217,1267,,,,,416403,03,1868,03,,78,591,82,C,84
91WN00724, 91037240,91,03,L7240,1,82,30,328,2,2,5,5,3.0,3,3,1,103,115,24,85,63,474, 8, 0, 0, 0, 45,,,,2,1,2,0,217,1267,93,14,266,,416403,03,1868,03,,65,513,82,3,75
91WN00725, 91037241,91,03,L7241,2,83,30,334,3,2,8,5,6.0,6,4,1,103,115,22,81,44,312, 8, 0, 0, 0, 33,,,,2,1,1,0,241,1358,93,,281,,422103,03,8017,02,,46,371,83,3,59
91WN00726, 91037242,91,03,L7242,1,83,30,334,3,2,8,5,6.0,6,4,1,103,115,11,72,48,355, 7, 0, 0, 0, 31,,,,1,1,2,0,241,1358,93,,266,,422103,03,8017,02,,50,359,83,3,54
91WN00727, 91037243,91,03,L7243,1,82,30,327,2,2,5,5,2.0,2,2,1,103,115,20,108,70,515, 6, 0, 0, 0, 59,,,,2,1,2,0,198,1024,93,,321,,406403,03,3581,03,,73,574,82,H,78
91WN00728, 91037244,91,03,L7244,1,82,30,327,2,2,5,5,2.0,2,2,1,103,115,18,108,67,489, 6, 0, 0, 0, 44,,,,1,1,2,0,198,1024,93,,266,,406403,03,3581,03,,69,545,82,H,74
91WN00729, 91037246,91,03,L7246,2,81,30,312,3,1,7,2,4.5,4,4,1,103,115,29,82,68,520, 4, 0, 0, 0, 47,004,,,2,1,1,0,209,1024,92,95,262,,385603,03,9984,02,,71,513,81,2,80
91WN00730, 91037249,91,03,L7249,1,82,30,323,2,1,3,2,2.0,2,2,1,103,115,20,102,83,633, 5, 0, 0, 0, 60,,,,2,1,2,0,198,1117,10,,290,,369803,03,3495,03,,86,593,82,H,92
91WN00731, 91037250,91,03,L7250,2,82,30,328,1,1,1,1,3.5,3,3,1,103,115,20,86,85,664, 5, 0, 0, 0, 64,,,,1,1,1,0,203,1331,93,95,281,,416403,03,1570,03,,88,641,82,3,92
91WN00732, 91037251,91,03,L7251,3,83,30,333,1,1,1,1,5.0,5,4,1,103,115,20,89,81,627, 4, 0, 0, 0, 60,,,,2,1,1,0,181,1189,93,,321,,421203,03,9073,02,,84,571,83,*,90
91WN00733, 91037252,91,03,L7252,2,82,30,326,2,2,5,5,3.0,3,3,1,103,115,8,97,67,498, 4, 0, 0, 0, 46,,,,1,1,2,0,203,1147,29,78,282,,391803,03,2390,03,,69,556,82,C,78
91WN00734, 91037253,91,03,L7253,1,82,30,326,2,2,5,5,3.0,3,3,1,103,115,6,88,70,532, 8, 0, 0, 0, 46,,,,1,1,2,0,203,1147,,,,,391803,03,2390,03,,73,547,82,C,77
91WN00735, 91037254,91,03,L7254,2,82,30,322,2,2,5,7,3.5,3,3,1,103,115,32,76,63,482, 6, 0, 0, 0, 45,p23,,,1,1,1,0,217,1262,,,,,354503,03,1632,03,,65,582,82,C,72
91WN00736, 91037255,91,03,L7255,2,82,30,322,2,2,5,3,3.5,3,3,1,103,115,22,112,73,537, 6, 0, 0, 0, 54,p24,,,2,1,1,0,217,1262,,,,,354503,03,1632,03,,76,582,82,C,87
91WN00737, 91037256,91,03,L7256,1,82,30,327,1,1,1,1,6.0,6,4,1,103,115,20,120,101,774, 8, 0, 0, 0, 77,,,,1,1,1,0,181,1253,,,,,406403,03,7962,02,,105,650,82,C,110
91WN00738, 91037257,91,03,L7257,2,82,30,324,2,2,5,4,2.0,2,2,1,103,115,15,99,59,427, 8, 0, 0, 0, 46,p22,,,1,1,1,0,215,1084,,,,,374203,03,3842,03,,61,488,82,C,71
91WN00739, 91037258,91,03,L7258,2,82,30,324,2,2,5,6,2.0,2,2,1,103,115,2,84,55,405, 6, 0, 0, 0, 38,019,,,2,1,1,0,215,1084,93,,281,,374203,03,3842,03,,57,491,82,2,64
91WN00740, 91037259,91,03,L7259,1,82,30,323,2,2,5,4,2.0,2,2,1,103,115,28,98,70,523, 0, 0, 0, 0, 56,,,,,1,,0,215,1223,93,,266,,369803,03,3840,03,,73,570,82,H,73
91WN00741, 91037260,91,03,L7260,2,82,30,323,2,2,5,6,2.0,2,2,1,103,115,32,73,61,467, 6, 0, 0, 0, 40,p23,,,2,1,1,0,215,1223,,,,,369803,03,3840,03,,63,592,82,C,72
91WN00742, 91037261,91,03,L7261,3,82,30,324,4,1,0,2,7.0,7,5,1,103,115,13,57,78,629, 6, 0, 0, 0, 57,,,,1,1,2,0,247,1393,93,,321,,374203,03,7063,02,,81,590,82,*,91
91WN00743, 91037264,91,03,L7264,2,82,30,324,2,2,5,5,2.0,2,2,1,103,115,10,78,57,428, 8, 0, 0, 0, 41,034,,,2,1,1,0,198,1022,93,,281,,374203,03,4213,03,,59,515,82,2,59
91WN00744, 91037265,91,03,L7265,2,82,30,324,2,2,5,5,2.0,2,2,1,103,115,18,75,68,526, 6, 0, 0, 0, 49,016,,,3,1,1,0,198,1022,93,,281,,374203,03,4213,03,,71,623,82,2,78
91WN00745, 91037267,91,03,L7267,1,83,30,333,3,2,8,4,4.0,4,4,1,103,115,10,103,82,623, 4, 0, 0, 0, 59,,,,1,1,2,0,222,1048,93,95,266,,421203,03,0680,03,,85,604,83,3,93
91WN00746, 91037268,91,03,L7268,3,83,30,333,3,2,8,6,4.0,4,4,1,103,115,32,84,74,570, 6, 0, 0, 0, 55,,,,2,1,1,0,222,1048,93,,321,,421203,03,0680,03,,77,652,83,*,92
91WN00747, 91037270,91,03,L7270,2,83,30,334,3,2,8,4,5.0,5,4,1,103,115,25,102,76,572, 3, 0, 0, 0, 54,p12,,,1,1,1,0,236,1441,,,,,422103,03,9656,02,,79,603,83,P,92
91WN00748, 91037271,91,03,L7271,1,83,30,334,3,2,8,6,5.0,5,4,1,103,115,21,83,68,519, 7, 0, 0, 0, 50,,,,1,1,2,0,236,1441,93,,266,,422103,03,9656,02,,71,588,83,H,83
91WN00749, 91037272,91,03,L7272,1,80,30,304,2,2,5,4,3.5,3,3,1,103,115,29,101,69,512, 6, 0, 0, 0, 49,,,,2,1,2,0,231,1231,,,,,382203,03,1160,03,,72,535,80,W,79
91WN00750, 91037273,91,03,L7273,2,80,30,304,2,2,5,6,3.5,3,3,1,103,115,18,78,71,550, 5, 0, 0, 0, 52,011,,,1,1,1,0,231,1231,92,,262,,382203,03,1160,03,,74,632,80,2,87
91WN00751, 91037275,91,03,L7275,3,80,30,P-2,3,1,7,2,1.0,1,1,1,103,115,25,60,70,557, 6, 0, 0, 0, 47,,,,1,1,2,0,223,1140,93,,321,,429203,03,4794,03,,73,577,80,*,80
91WN00752, 91037276,91,03,L7276,2,83,30,334,3,1,7,2,2.0,2,2,1,103,115,12,74,76,597, 6, 0, 0, 0, 55,002,,,1,1,2,0,215,1119,92,,262,,422103,03,3771,03,,79,610,83,2,86
91WN00753, 91037279,91,03,L7279,2,81,30,312,2,2,5,5,4.0,4,4,1,103,115,28,88,61,454, 5, 0, 0, 0, 45,019,,,1,1,1,0,222,1288,93,,281,,385603,03,0645,03,,63,521,81,2,69
91WN00754, 91037280,91,03,L7280,2,81,30,312,2,2,5,5,4.0,4,4,1,103,115,21,92,59,433, 6, 0, 0, 0, 40,019,,,1,1,1,0,222,1288,93,95,281,,385603,03,0645,03,,61,491,81,2,69
91WN00755, 91037281,91,03,L7281,2,81,30,312,2,2,5,6,6.5,6,4,1,103,115,22,71,50,373, 5, 0, 0, 0, 34,034,,,1,1,1,0,171,1043,93,,281,,385603,03,7796,02,,52,442,81,2,64
91WN00756, 91037282,91,03,L7282,2,81,30,312,2,2,5,4,6.5,6,4,1,103,115,15,90,63,470, 8, 0, 0, 0, 46,031,,,1,1,1,0,171,1043,93,,281,,385603,03,7796,02,,65,488,81,2,74
91WN00757, 91037283,91,03,L7283,2,83,30,334,3,2,8,5,2.0,2,2,1,103,115,33,57,74,594, 8, 0, 0, 0, 48,007,,,1,1,1,0,232,1038,92,,262,,422103,03,4106,03,,77,711,83,2,75
91WN00758, 91037284,91,03,L7284,2,83,30,334,3,2,8,5,2.0,2,2,1,103,115,20,58,55,428,10, 0, 0, 0, 42,008,,,1,1,1,0,232,1038,92,,262,,422103,03,4106,03,,57,528,83,2,68
91WN00759, 91037285,91,03,L7285,2,82,30,325,2,2,5,6,3.5,3,3,1,103,115,1,98,77,584, 7, 0, 0, 0, 51,010,,,1,1,1,0,203,1363,92,,262,,376603,03,1699,03,,80,643,82,2,88
91WN00760, 91037286,91,03,L7286,1,82,30,325,2,2,5,4,3.5,3,3,1,103,115,27,115,76,561, 8, 0, 0, 0, 56,,,,1,1,2,0,203,1363,93,,321,,376603,03,1699,03,,79,581,82,H,89
91WN00761, 91037288,91,03,L7288,2,82,30,327,2,1,3,2,5.0,5,4,1,103,115,2,110,90,687, 4, 0, 0, 0, 66,p24,,,1,1,1,0,192,1087,,,,,406403,03,9140,02,,93,644,82,C,99
91WN00762, 91037289,91,03,L7289,1,81,30,311,2,2,5,6,3.0,3,3,1,103,115,10,73,71,554, 7, 0, 0, 0, 49,,,,1,1,3,0,231,1258,93,,321,,380103,03,2151,03,,74,626,81,H,79
91WN00763, 91037290,91,03,L7290,2,81,30,311,2,2,5,4,3.0,3,3,1,103,115,1,87,73,559, 4, 0, 0, 0, 48,p12,,,1,1,1,0,231,1258,,,,,380103,03,2151,03,,76,576,81,P,89
91WN00764, 91037293,91,03,L7293,1,81,30,313,3,1,7,2,3.0,3,3,1,103,115,28,81,72,556, 6, 0, 0, 0, 45,,,,1,1,1,0,245,1070,93,,321,,434303,03,1945,03,,75,501,81,H,81
91WN00765, 91037295,91,03,L7295,2,82,30,P-6,2,1,3,2,1.0,1,1,1,104,114,6,77,65,503, 5, 0, 0, 0, 42,024,,,1,1,1,0,213,1130,93,,281,,413603,03,4985,03,,68,524,82,2,74
91WN00766, 91037296,91,03,L7296,2,83,30,333,2,2,5,6,2.0,2,2,1,104,114,7,77,62,476, 4, 0, 0, 0, 44,018,,,2,1,1,0,215,1401,92,,262,,421203,03,4384,03,,65,570,83,2,73
91WN00767, 91037297,91,03,L7297,2,83,30,333,2,2,5,4,2.0,2,2,1,104,114,23,93,71,541, 4, 0, 0, 0, 52,p02,,,2,1,1,0,215,1401,,,,,421203,03,4384,03,,74,614,83,W,85
91WN00768, 91037298,91,03,L7298,2,80,30,303,2,2,5,5,2.0,2,2,1,104,114,12,87,50,362, 6, 0, 0, 0, 38,019,,,1,1,1,0,215,1179,93,95,281,,427803,03,3401,03,,52,452,80,2,64
91WN00769, 91037299,91,03,L7299,2,80,30,303,2,2,5,5,2.0,2,2,1,104,114,6,97,62,459, 8, 0, 0, 0, 45,030,,,1,1,1,0,215,1179,93,95,281,,427803,03,3401,03,,65,542,80,2,75
91WN00770, 91037300,91,03,L7300,2,83,30,332,1,2,3,5,3.5,3,3,1,104,114,5,124,69,496, 7, 0, 0, 0, 61,p02,,,1,1,1,0,203,1094,,,,,417003,03,1259,03,,72,552,83,W,89
91WN00771, 91037301,91,03,L7301,3,81,30,312,3,3,9,8,3.5,3,3,1,104,114,11,90,67,509, 4, 0, 0, 0, 46,,,,1,2,1,0,260,1519,93,06,321,,385603,03,1807,03,,70,582,81,*,75
91WN00772, 91037302,91,03,L7302,3,81,30,312,3,3,9,8,3.5,3,3,1,104,114,15,89,67,510, 4, 0, 0, 0, 47,,,,1,6,1,0,260,1519,93,07,321,,385603,03,1807,03,,70,588,81,*,77
91WN00773, 91037303,91,03,L7303,3,81,30,312,3,3,9,8,3.5,3,3,1,104,114,15,70,68,535, 5, 0, 0, 0, 47,,,,1,6,1,0,260,1519,93,07,321,,385603,03,1807,03,,71,613,81,*,82
91WN00774, 91037305,91,03,L7305,2,81,30,311,2,1,3,2,2.0,2,2,1,104,114,6,90,80,623, 5, 0, 0, 0, 60,PPL,,,1,1,1,0,215,1108,93,21,256,,380103,03,3951,03,,84,629,81,5,90
91WN00775, 91037307,91,03,L7307,1,82,30,324,4,3,0,8,3.5,3,3,2,104,115,6,82,73,563, 6, 0, 0, 0, 49,,,,1,1,2,0,260,1553,93,,321,,374203,03,1189,03,,76,611,82,H,81
91WN00776, 91037308,91,03,L7308,2,82,30,324,4,3,0,8,3.5,3,3,2,104,115,1,80,70,539, 5, 0, 0, 0, 45,p21,,,2,1,1,0,260,1553,,95,,,374203,03,1189,03,,73,580,82,C,78
91WN00777, 91037309,91,03,L7309,2,82,30,324,4,3,0,8,3.5,3,3,2,104,115,1,73,64,493, 5, 0, 0, 0, 44,000,,,1,1,1,0,260,1553,92,,262,,374203,03,1189,03,,66,534,82,2,77
91WN00778, 91037311,91,03,L7311,1,82,30,325,3,1,7,2,4.0,4,4,1,104,114,21,92,95,753, 6, 0, 0, 0, 66,,,,1,1,2,0,222,1231,,95,,,376603,03,0546,03,,100,673,82,1,102
91WN00779, 91037313,91,03,L7313,2,81,30,314,2,2,5,5,3.5,3,3,1,104,114,24,106,72,539, 5, 0, 0, 0, 52,011,,,2,1,1,0,217,1386,92,,262,,439603,03,1507,03,,75,620,81,2,86
91WN00780, 91037314,91,03,L7314,2,81,30,314,2,2,5,5,3.5,3,3,1,104,114,16,96,58,425, 5, 0, 0, 0, 41,019,,,1,1,1,0,217,1386,93,,281,,439603,03,1507,03,,61,495,81,2,70
91WN00781, 91037315,91,03,L7315,2,82,30,323,3,2,8,5,4.0,4,4,1,104,114,22,111,82,622, 3, 0, 0, 0, 56,005,,,1,1,1,0,222,1251,92,95,262,,369803,03,0784,03,,86,683,82,2,77
91WN00782, 91037316,91,03,L7316,2,82,30,323,3,2,8,5,4.0,4,4,1,104,114,5,98,59,432, 7, 0, 0, 0, 47,007,,,1,1,1,0,222,1251,92,,262,,369803,03,0784,03,,62,470,82,2,73
91WN00783, 91037317,91,03,L7317,1,82,30,321,2,2,5,5,5.0,5,4,2,104,115,16,77,79,620, 4, 0, 0, 0, 48,,,,2,1,2,0,192,1338,93,14,321,,353103,03,9163,02,,82,612,82,H,83
91WN00784, 91037318,91,03,L7318,1,82,30,321,2,2,5,5,5.0,5,4,2,104,115,28,78,53,393, 4, 0, 0, 0, 35,,,,1,1,1,0,192,1338,93,95,266,,353103,03,9163,02,,55,401,82,3,63
91WN00785, 91037320,91,03,L7320,2,82,30,327,2,1,3,2,2.0,2,2,1,104,114,18,108,56,396, 6, 0, 0, 0, 43,034,,,2,1,1,0,215,1043,93,95,281,,406403,03,3335,03,,58,418,82,2,65
91WN00786, 91037321,91,03,L7321,2,81,30,312,3,2,8,5,3.0,3,3,1,104,114,3,89,69,527, 6, 0, 0, 0, 46,004,,,1,1,1,0,217,1137,92,,262,,385603,03,2020,03,,72,580,81,2,81
91WN00787, 91037322,91,03,L7322,2,81,30,312,3,2,8,5,3.0,3,3,1,104,114,25,92,61,454, 5, 0, 0, 0, 42,006,,,1,1,1,0,217,1137,92,,262,,385603,03,2020,03,,64,536,81,2,76
91WN00788, 91037324,91,03,L7324,1,81,30,313,2,1,3,2,3.0,3,3,1,104,114,34,108,102,800, 7, 0, 0, 0, 72,,,,2,1,2,0,231,1192,,,,,434303,03,1875,03,,107,754,81,P,112
91WN00789, 91037327,91,03,L7327,1,82,30,325,3,2,8,5,2.0,2,2,1,104,114,21,81,71,552, 7, 0, 0, 0, 47,,,,1,1,2,0,248,1193,,,,,376603,03,3959,03,,74,613,82,C,81
91WN00790, 91037328,91,03,L7328,2,82,30,325,3,2,8,5,2.0,2,2,1,104,114,1,71,67,525, 7, 0, 0, 0, 46,p22,,,1,1,1,0,248,1193,,,,,376603,03,3959,03,,70,601,82,C,80
91WN00791, 91037330,91,03,L7330,1,83,30,332,3,2,8,4,5.5,5,4,1,104,114,19,100,63,465, 4, 0, 0, 0, 50,,,,2,1,2,0,181,1015,93,95,266,,417003,03,8462,02,,66,459,83,3,73
91WN00792, 91037331,91,03,L7331,2,83,30,332,3,2,8,6,5.5,5,4,1,104,114,18,83,57,427, 7, 0, 0, 0, 33,005,,,2,1,1,0,181,1015,92,,262,,417003,03,8462,02,,60,492,83,2,77
91WN00793, 91037333,91,03,L7333,2,80,30,302,3,2,8,5,3.0,3,3,1,104,114,25,73,76,603, 7, 0, 0, 0, 53,p01,,,1,1,1,0,245,1096,,,,,425203,03,2122,03,,80,685,80,W,90
91WN00794, 91037334,91,03,L7334,2,80,30,302,3,2,8,5,3.0,3,3,1,104,114,16,79,37,255, 4, 0, 0, 0, 26,,,,1,1,1,0,245,1096,93,,281,,425203,03,2122,03,,39,325,80,3,46
91WN00795, 91037335,91,03,L7335,1,81,30,314,3,3,9,8,3.0,3,3,1,104,114,6,97,44,301, 5, 0, 0, 0, 30,,,,1,1,1,0,217,1243,93,,266,,439603,03,1989,03,,46,369,81,3,53
91WN00796, 91037336,91,03,L7336,1,81,30,314,3,3,9,8,3.0,3,3,1,104,114,23,97,62,459, 7, 0, 0, 0, 47,,,,1,1,2,0,217,1243,10,,293,,439603,03,1989,03,,65,549,81,H,75
91WN00797, 91037337,91,03,L7337,2,81,30,314,3,3,9,8,3.0,3,3,1,104,114,24,78,75,589,10, 0, 0, 0, 54,p11,,,1,1,2,0,217,1243,,,,,439603,03,1989,03,,79,680,81,P,88
91WN00798, 91037338,91,03,L7338,2,83,30,331,2,1,3,2,3.0,3,3,1,104,114,1,98,94,739, 5, 0, 0, 0, 68,p01,,,2,1,1,0,203,1175,,,,,394303,03,1960,03,,98,713,83,1,107
91WN00799, 91037340,91,03,L7340,2,82,30,P-5,1,1,1,1,1.0,1,1,1,104,114,26,98,69,519, 8, 0, 0, 0, 46,028,,,2,1,1,0,203,1144,93,,281,,346703,03,4954,03,,72,545,82,2,81
91WN00800, 91037341,91,03,L7341,3,81,30,314,1,1,1,1,2.0,2,2,1,104,114,17,62,74,595, 5, 0, 0, 0, 49,,,,1,1,1,0,215,1089,93,,321,,439603,03,4280,03,,78,579,81,*,82
91WN00801, 91037342,91,03,L7342,1,82,30,323,2,1,3,2,4.0,4,4,1,104,114,27,80,81,640, 6, 0, 0, 0, 57,,,,2,1,3,0,209,1274,93,,266,,369803,03,0517,03,,85,568,82,3,96
91WN00802, 91037344,91,03,L7344,2,82,30,325,2,2,5,5,4.0,4,4,1,104,114,12,104,74,558, 6, 0, 0, 0, 49,010,,,1,1,1,0,184,1319,92,95,262,,376603,03,0850,03,,77,606,82,2,90
91WN00803, 91037345,91,03,L7345,2,82,30,325,2,2,5,5,4.0,4,4,1,104,114,15,109,82,624, 5, 0, 0, 0, 58,p22,,,1,1,1,0,184,1319,,95,,,376603,03,0850,03,,86,676,82,C,96
91WN00804, 91037347,91,03,L7347,2,83,30,333,2,1,3,2,3.5,3,3,1,104,114,3,126,105,811, 3, 0, 0, 0, 74,p12,,,1,1,1,0,203,1267,,16,,,421203,03,1072,03,,110,788,83,P,120
91WN00805, 91037348,91,03,L7348,2,81,30,314,2,2,5,5,2.0,2,2,1,104,114,35,105,73,548, 5, 0, 0, 0, 55,p12,,,1,1,1,0,215,1438,,,,,439603,03,3663,03,,76,669,81,P,87
91WN00806, 91037349,91,03,L7349,1,81,30,314,2,2,5,5,2.0,2,2,1,104,114,23,103,79,603, 5, 0, 0, 0, 58,,,,2,1,2,0,215,1438,,,,,439603,03,3663,03,,83,667,81,P,91
91WN00807, 91037350,91,03,L7350,1,82,30,327,2,2,5,5,3.0,3,3,1,104,114,23,95,71,539, 6, 0, 0, 0, 52,,,,2,1,3,0,203,1237,93,,350,,406403,03,2355,03,,74,578,82,H,80
91WN00808, 91037351,91,03,L7351,1,82,30,327,2,2,5,5,3.0,3,3,1,104,114,17,99,79,606, 7, 0, 0, 0, 59,,,,1,1,2,0,203,1237,93,,350,,406403,03,2355,03,,83,637,82,H,88
91WN00809, 91037353,91,03,L7353,1,82,30,326,2,1,3,2,3.0,3,3,1,104,114,5,123,84,629, 4, 0, 0, 0, 54,,,,2,1,1,0,217,1021,93,,321,,391803,03,2561,03,,88,545,82,H,93
91WN00810, 91037354,91,03,L7354,2,82,30,327,2,1,3,2,4.0,4,4,1,104,114,16,78,82,651, 5, 0, 0, 0, 57,p23,,,2,1,1,0,222,1220,,,,,406403,03,0876,03,,86,628,82,C,94
91WN00811, 91037356,91,03,L7356,2,83,30,334,2,1,3,2,4.5,4,4,1,104,114,28,97,78,599, 6, 0, 0, 0, 58,p02,,,1,1,1,0,184,970,,,,,422103,03,3184,80,,82,592,83,W,97
91WN00812, 91037358,91,03,L7358,1,80,30,302,3,3,9,8,3.0,3,3,1,104,114,11,93,72,550, 5, 0, 0, 0, 48,,,,1,1,1,0,231,1121,,16,,,425203,03,1886,03,,75,624,80,W,79
91WN00813, 91037359,91,03,L7359,1,80,30,302,3,3,9,8,3.0,3,3,1,104,114,28,74,58,444, 5, 0, 0, 0, 37,,,,1,1,2,0,231,1121,93,,266,,425203,03,1886,03,,61,541,80,3,65
91WN00814, 91037360,91,03,L7360,1,80,30,302,3,3,9,8,3.0,3,3,1,104,114,8,78,56,423, 5, 0, 0, 0, 38,,,,2,1,1,0,231,1121,93,,266,,425203,03,1886,03,,59,493,80,3,64
91WN00815, 91037361,91,03,L7361,2,80,30,303,3,1,7,2,6.0,6,4,1,104,114,28,83,81,638, 7, 0, 0, 0, 52,001,,,1,1,1,0,241,1083,92,95,262,,427803,03,8154,02,,85,631,80,2,93
91WN00816, 91037364,91,03,L7364,1,82,30,P-6,1,1,1,1,1.0,1,1,1,104,69,0,59,30,349, 0, 0, 0, 0, 30,,,,,1,,0,203,1074,97,90,227,,413603,03,5003,03,,48,,82,7,0
91WN00817, 91037365,91,03,L7365,2,83,30,332,3,2,8,5,3.5,3,3,1,104,114,1,89,74,571, 5, 0, 0, 0, 52,p12,,,1,1,1,0,245,1363,,,,,417003,03,1431,03,,77,622,83,P,90
91WN00818, 91037366,91,03,L7366,1,83,30,332,3,2,8,5,3.5,3,3,1,104,114,25,89,51,369, 8, 0, 0, 0, 39,,,,1,1,3,0,245,1363,93,,266,,417003,03,1431,03,,53,410,83,3,55
91WN00819, 91037368,91,03,L7368,2,80,30,P-2,1,1,1,1,1.0,1,1,1,104,114,35,69,68,536, 8, 0, 0, 0, 44,p02,,,2,1,1,0,203,1146,,,,,429203,03,5245,03,,71,573,80,W,81
91WN00820, 91037369,91,03,L7369,1,83,30,333,3,2,8,5,4.0,4,4,1,104,114,4,91,78,604, 7, 0, 0, 0, 54,,,,2,1,1,0,222,1424,93,95,321,,421203,03,0779,03,,82,600,83,H,83
91WN00821, 91037370,91,03,L7370,1,83,30,333,3,2,8,5,4.0,4,4,1,104,114,4,96,82,635, 4, 0, 0, 0, 56,,,,1,1,2,0,222,1424,,95,,,421203,03,0779,03,,86,631,83,G,88
91WN00822, 91037371,91,03,L7371,3,83,30,333,3,2,8,5,4.0,4,4,2,104,115,28,88,75,576, 6, 0, 0, 0, 51,,,,1,1,2,0,222,1424,93,95,321,,421203,03,0779,03,,78,587,83,*,90
91WN00823, 91037372,91,03,L7372,2,81,30,314,3,2,8,6,5.0,5,4,1,104,114,3,85,71,548, 6, 0, 0, 0, 46,002,,,1,1,1,0,203,1158,92,,262,,439603,03,9396,02,,74,594,81,2,87
91WN00824, 91037373,91,03,L7373,1,81,30,314,3,2,8,4,5.0,5,4,1,104,114,24,101,77,587, 6, 0, 0, 0, 56,,,,1,1,2,0,203,1158,93,,321,,439603,03,9396,02,,81,587,81,H,85
91WN00825, 91037374,91,03,L7374,2,81,30,314,3,1,7,2,5.0,5,4,1,104,114,27,73,63,489, 6, 0, 0, 0, 43,006,,,1,1,1,0,203,1158,92,95,262,,439603,03,9396,02,,66,480,81,2,76
91WN00826, 91037377,91,03,L7377,1,80,30,301,2,1,3,2,4.0,4,4,1,104,114,4,112,94,726, 8, 0, 0, 0, 71,,,,1,1,7,0,222,1274,93,,266,,395803,03,0929,03,,98,624,80,3,93
91WN00827, 91037379,91,03,L7379,2,83,30,334,2,1,3,2,3.0,3,3,1,104,114,17,78,79,625, 4, 0, 0, 0, 59,011,,,2,1,1,0,203,933,92,,262,,422103,03,1942,03,,83,620,83,2,86
91WN00828, 91037380,91,03,L7380,2,83,30,333,2,2,5,5,5.5,5,4,1,104,114,4,88,72,554, 6, 0, 0, 0, 50,012,,,1,1,1,0,181,1230,93,,281,,421203,03,8568,02,,75,591,83,2,84
91WN00829, 91037381,91,03,L7381,2,83,30,333,2,2,5,5,5.5,5,4,1,104,114,10,82,60,454, 4, 0, 0, 0, 39,018,,,2,1,1,0,181,1230,92,,262,,421203,03,8568,02,,63,499,83,2,73
91WN00830, 91037382,91,03,L7382,2,81,30,311,2,2,5,6,3.0,3,3,1,104,114,12,83,70,541, 4, 0, 0, 0, 50,016,,,1,1,1,0,203,1331,93,95,281,,380103,03,1917,03,,73,616,81,2,78
91WN00831, 91037383,91,03,L7383,1,81,30,311,2,2,5,4,3.0,3,3,1,104,114,1,107,63,459, 4, 0, 0, 0, 56,,,,1,1,2,0,203,1331,93,,266,,380103,03,1917,03,,66,446,81,3,75
91WN00832, 91037384,91,03,L7384,1,81,30,311,3,2,8,4,5.5,5,4,1,104,114,5,108,77,581, 8, 0, 0, 0, 49,,,,1,1,1,0,192,1329,,,,,380103,03,8895,02,,80,556,81,P,87
91WN00833, 91037385,91,03,L7385,1,81,30,311,3,2,8,6,5.5,5,4,1,104,114,10,92,87,682, 4, 0, 0, 0, 54,,,,2,1,3,0,192,1329,,,,,380103,03,8895,02,,91,738,81,P,97
91WN00834, 91037386,91,03,L7386,3,81,30,311,3,2,8,5,5.5,5,4,3,104,122,2,83,81,596, 0, 0, 0, 0, 48,,,,,1,,0,192,1329,93,,281,,380103,03,8895,02,,80,583,81,3,86
91WN00835, 91037387,91,03,L7387,2,80,30,P-1,2,1,3,2,1.0,1,1,1,104,114,24,74,58,444, 8, 0, 0, 0, 44,024,,,1,1,1,0,213,1122,93,16,281,,362403,03,4762,03,,61,488,80,2,75
91WN00836, 91037389,91,03,L7389,2,80,30,301,2,2,5,6,3.0,3,3,1,105,113,26,83,72,564, 7, 0, 0, 0, 51,p02,,,1,1,1,0,203,1348,,,,,395803,03,2520,03,,76,658,80,W,85
91WN00837, 91037390,91,03,L7390,2,80,30,301,2,2,5,4,3.0,3,3,1,105,113,21,110,73,549, 5, 0, 0, 0, 58,p01,,,1,1,1,0,203,1348,,,,,395803,03,2520,03,,77,595,80,W,85
91WN00838, 91037391,91,03,L7391,2,80,30,301,1,1,1,1,5.0,5,4,2,105,114,24,67,77,617, 7, 0, 0, 0, 56,020,,,1,1,1,0,181,980,93,,281,,395803,03,9638,02,,81,564,80,2,89
91WN00839, 91037392,91,03,L7392,1,81,30,314,2,2,5,5,2.0,2,2,1,105,113,18,106,63,464,10, 0, 0, 0, 40,,,,1,1,2,0,215,1241,93,,266,,439603,03,3944,03,,66,523,81,3,68
91WN00840, 91037393,91,03,L7393,1,81,30,314,2,2,5,5,2.0,2,2,1,105,113,16,117,72,534, 4, 0, 0, 0, 51,,,,1,1,2,0,215,1241,93,,321,,439603,03,3944,03,,76,590,81,H,79
91WN00841, 91037394,91,03,L7394,2,80,30,302,2,2,5,6,3.0,3,3,1,105,113,17,90,54,398, 5, 0, 0, 0, 36,034,,,1,1,1,0,203,1288,93,95,281,,425203,03,2565,03,,57,481,80,2,64
91WN00842, 91037395,91,03,L7395,1,80,30,302,2,2,5,4,3.0,3,3,1,105,113,13,109,60,435, 7, 0, 0, 0, 44,,,,1,1,1,0,203,1288,93,,266,,425203,03,2565,03,,63,439,80,3,72
91WN00843, 91037396,91,03,L7396,1,80,30,303,2,1,3,2,2.0,2,2,2,105,114,6,98,86,668, 8, 0, 0, 0, 64,,,,2,1,2,0,215,1091,93,,266,,427803,03,4246,03,,90,592,80,3,87
91WN00844, 91037402,91,03,L7402,3,82,30,321,3,1,7,2,2.0,2,2,2,105,114,13,56,72,582, 4, 0, 0, 0, 55,NON,,,1,1,1,0,232,870,,,,,353103,03,3806,03,,75,554,82,9,77
91WN00845, 91037403,91,03,L7403,3,81,30,314,1,1,1,1,2.0,2,2,2,105,114,7,118,91,695, 8, 0, 0, 0, 68,,,,1,1,1,0,198,911,93,,321,,439603,03,3575,03,,95,648,81,*,98
91WN00846, 91037404,91,03,L7404,2,83,30,331,2,2,5,5,3.0,3,3,1,105,113,18,109,71,532, 5, 0, 0, 0, 44,013,,,1,1,1,0,203,1295,92,,262,,394303,03,2417,03,,75,606,83,2,83
91WN00847, 91037405,91,03,L7405,2,83,30,331,2,2,5,5,3.0,3,3,1,105,113,19,118,71,524, 3, 0, 0, 0, 49,PPL,,,1,1,1,0,203,1295,93,13,256,,394303,03,2417,03,,75,599,83,5,85
91WN00848, 91037406,91,03,L7406,2,83,30,334,2,1,3,2,5.0,5,4,2,105,114,29,112,85,647, 6, 0, 0, 0, 63,p11,,,1,1,1,0,214,1248,,,,,422103,03,9535,02,,89,622,83,P,100
91WN00849, 91037407,91,03,L7407,1,80,30,304,3,2,8,5,3.0,3,3,2,105,114,19,88,79,616, 4, 0, 0, 0, 57,,,,2,1,1,0,245,1337,93,,266,,382203,03,2379,03,,83,631,80,3,93
91WN00850, 91037408,91,03,L7408,1,80,30,304,3,2,8,5,3.0,3,3,2,105,114,1,88,76,589, 4, 0, 0, 0, 52,,,,1,1,2,0,245,1337,,,,,382203,03,2379,03,,80,580,80,W,85
91WN00851, 91037409,91,03,L7409,3,80,30,304,3,1,7,2,3.0,3,3,2,105,114,16,86,59,442, 6, 0, 0, 0, 45,,,,1,1,2,0,245,1337,93,14,321,,382203,03,2379,03,,62,393,80,*,69
91WN00852, 91037411,91,03,L7411,1,82,30,321,3,2,8,5,3.0,3,3,2,105,114,16,83,60,454, 6, 0, 0, 0, 39,,,,1,1,2,0,203,1145,93,,266,,353103,03,2077,03,,63,465,82,3,66
91WN00853, 91037412,91,03,L7412,2,82,30,321,3,2,8,5,3.0,3,3,2,105,114,7,97,79,608, 3, 0, 0, 0, 57,001,,,1,1,1,0,203,1145,92,,262,,353103,03,2077,03,,83,648,82,2,93
91WN00854, 91037414,91,03,L7414,2,81,30,311,2,1,3,2,4.0,4,4,1,105,113,23,103,86,670, 6, 0, 0, 0, 67,p11,,,2,1,1,0,222,1237,,,,,380103,03,0926,03,,91,657,81,P,96
91WN00855, 91037416,91,03,L7416,2,80,30,304,3,2,8,5,2.0,2,2,2,105,114,13,75,60,461, 7, 0, 0, 0, 46,005,,,1,1,1,0,215,1209,92,,262,,382203,03,3953,03,,63,534,80,2,77
91WN00856, 91037417,91,03,L7417,3,80,30,304,3,2,8,5,2.0,2,2,2,105,114,16,74,66,514, 7, 0, 0, 0, 44,,,,2,1,2,0,215,1209,93,,350,,382203,03,3953,03,,69,553,80,*,75
91WN00857, 91037419,91,03,L7419,1,80,30,302,3,2,8,5,5.5,5,4,2,105,114,25,88,61,458,10, 0, 0, 0, 40,,,,1,1,2,0,236,943,93,,266,,425203,03,8802,02,,64,463,80,3,68
91WN00858, 91037420,91,03,L7420,1,80,30,302,3,2,8,5,5.5,5,4,2,105,114,3,100,75,570, 6, 0, 0, 0, 50,,,,1,1,2,0,236,943,,,,,425203,03,8802,02,,78,546,80,W,85
91WN00859, 91037422,91,03,L7422,2,80,30,303,2,2,5,5,2.0,2,2,2,105,114,13,78,63,484, 7, 0, 0, 0, 41,017,,,1,1,1,0,198,1193,92,,262,,427803,03,4033,03,,66,557,80,2,75
91WN00860, 91037423,91,03,L7423,1,80,30,303,2,2,5,5,2.0,2,2,2,105,114,6,89,68,518, 7, 0, 0, 0, 42,,,,2,1,2,0,198,1193,93,,266,,427803,03,4033,03,,71,541,80,3,71
91WN00861, 91037424,91,03,L7424,2,83,30,333,2,2,5,5,3.0,3,3,1,105,113,33,99,65,488, 5, 0, 0, 0, 55,013,,,1,1,1,0,203,1275,92,95,262,,421203,03,2025,03,,68,582,83,2,82
91WN00862, 91037425,91,03,L7425,1,83,30,333,2,2,5,5,3.0,3,3,1,105,113,23,110,74,558, 7, 0, 0, 0, 55,,,,2,1,2,0,203,1275,93,,321,,421203,03,2025,03,,78,598,83,H,86
91WN00863, 91037428,91,03,L7428,3,81,30,314,3,1,7,2,4.0,4,4,1,105,113,16,82,71,556,10, 0, 0, 0, 52,,,,1,1,1,0,247,1041,93,,321,,439603,03,0659,03,,75,509,81,*,83
91WN00864, 91037429,91,03,L7429,3,80,30,302,1,1,1,1,3.0,3,3,1,105,113,1,138,95,719, 6, 0, 0, 0, 69,,,,1,1,1,0,203,1162,93,,281,,425203,03,2134,03,,100,658,80,3,106
91WN00865, 91037430,91,03,L7430,2,81,30,311,2,2,5,5,3.0,3,3,1,105,113,19,102,68,512, 5, 0, 0, 0, 46,011,,,1,1,1,0,217,1293,92,,262,,380103,03,2269,03,,72,587,81,2,87
91WN00866, 91037431,91,03,L7431,1,81,30,311,2,2,5,5,3.0,3,3,1,105,113,20,105,68,509, 5, 0, 0, 0, 46,,,,2,1,2,0,217,1293,93,,266,,380103,03,2269,03,,72,545,81,3,76
91WN00867, 91037432,91,03,L7432,1,83,30,332,3,2,8,4,3.0,3,3,1,105,113,32,96,55,402, 4, 0, 0, 0, 35,,,,1,1,3,0,231,1359,93,,266,,417003,03,1962,03,,58,431,83,3,67
91WN00868, 91037433,91,03,L7433,3,83,30,332,3,2,8,6,3.0,3,3,1,105,113,8,82,79,627, 4, 0, 0, 0, 54,Rum,,,1,1,2,0,231,1359,,14,,,417003,03,1962,03,,83,697,83,9,99
91WN00869, 91037434,91,03,L7434,2,83,30,332,3,2,8,5,4.5,4,4,2,105,114,25,75,49,364, 7, 0, 0, 0, 32,,,,1,1,1,0,197,1071,93,,281,,417003,03,0007,03,,51,410,83,3,58
91WN00870, 91037435,91,03,L7435,2,83,30,332,3,2,8,5,4.5,4,4,2,105,114,24,87,54,397, 7, 0, 0, 0, 38,,,,1,1,1,0,197,1071,93,16,281,,417003,03,0007,03,,56,442,83,3,68
91WN00871, 91037436,91,03,L7436,1,83,30,332,2,2,5,5,6.0,6,4,2,105,114,11,79,67,518, 7, 0, 0, 0, 46,,,,2,1,2,0,191,1127,93,,266,,417003,03,8181,02,,70,505,83,H,74
91WN00872, 91037437,91,03,L7437,2,83,30,332,2,2,5,5,6.0,6,4,2,105,114,15,80,62,474, 4, 0, 0, 0, 45,018,,,2,1,1,0,191,1127,92,,262,,417003,03,8181,02,,65,507,83,2,71
91WN00873, 91037438,91,03,L7438,1,82,30,323,3,2,8,5,7.0,7,5,2,105,114,16,90,84,658, 6, 0, 0, 0, 58,,,,2,1,3,0,220,1349,,,,,369803,03,7041,02,,88,666,82,C,93
91WN00874, 91037439,91,03,L7439,1,82,30,323,3,2,8,5,7.0,7,5,2,105,114,4,102,85,656, 3, 0, 0, 0, 61,,,,2,1,2,0,220,1349,93,,266,,369803,03,7041,02,,89,648,82,3,93
91WN00875, 91037441,91,03,L7441,1,81,30,311,2,2,5,5,2.0,2,2,2,105,114,22,94,68,514, 8, 0, 0, 0, 43,,,,1,1,2,0,215,997,93,,266,,380103,03,3465,03,,71,558,81,3,73
91WN00876, 91037442,91,03,L7442,1,81,30,311,2,2,5,5,2.0,2,2,2,105,114,1,85,62,469,10, 0, 0, 0, 40,,,,2,1,2,0,215,997,93,,266,,380103,03,3465,03,,65,486,81,3,67
91WN00877, 91037445,91,03,L7445,3,80,30,302,3,2,8,6,4.0,4,4,2,105,114,15,61,70,561, 6, 0, 0, 0, 49,,,,1,1,2,0,209,1242,93,14,321,,425203,03,0538,03,,73,603,80,*,81
91WN00878, 91037446,91,03,L7446,2,80,30,302,3,2,8,4,4.0,4,4,2,105,114,22,73,61,471, 6, 0, 0, 0, 44,031,,,1,1,1,0,209,1242,93,,281,,425203,03,0538,03,,64,481,80,2,73
91WN00879, 91037448,91,03,L7448,2,80,30,P-1,2,1,3,2,1.0,1,1,1,105,113,19,98,80,621, 6, 0, 0, 0, 59,011,,,2,1,1,0,213,1166,92,,262,,362403,03,4806,03,,84,660,80,2,90
91WN00880, 91037449,91,03,L7449,2,80,30,P-1,2,2,5,5,1.0,1,1,2,105,114,10,65,62,487, 8, 0, 0, 0, 40,,,,1,1,1,0,213,1254,93,16,281,,362403,03,5266,03,,65,570,80,3,73
91WN00881, 91037450,91,03,L7450,2,80,30,P-1,2,2,5,5,1.0,1,1,2,105,114,25,64,55,426, 9, 0, 0, 0, 33,024,,,1,1,1,0,213,1254,93,,281,,362403,03,5266,03,,58,529,80,2,72
91WN00882, 91037451,91,03,L7451,2,82,30,325,2,1,3,2,2.0,2,2,1,105,113,22,70,71,566, 6, 0, 0, 0, 48,015,,,1,1,1,0,198,1098,93,95,281,,376603,03,3433,03,,75,595,82,2,79
91WN00883, 91037452,91,03,L7452,2,82,30,324,2,2,5,5,4.0,4,4,2,105,114,20,93,67,506, 7, 0, 0, 0, 46,p24,,,1,1,1,0,197,1229,,95,,,374203,03,0862,03,,70,545,82,C,75
91WN00884, 91037453,91,03,L7453,2,82,30,324,2,2,5,5,4.0,4,4,2,105,114,5,95,74,566, 7, 0, 0, 0, 52,012,,,2,1,1,0,197,1229,93,,281,,374203,03,0862,03,,77,586,82,2,85
91WN00885, 91037454,91,03,L7454,2,80,30,303,3,1,7,2,3.5,3,3,2,105,114,19,53,68,550, 6, 0, 0, 0, 50,007,,,1,1,2,0,231,1211,92,95,262,,427803,03,1068,03,,71,529,80,2,75
91WN00886, 91037457,91,03,L7457,2,83,30,333,4,2,0,5,6.0,6,4,2,105,114,8,78,57,432, 4, 0, 0, 0, 36,000,,,2,1,1,0,241,1209,92,95,262,,421203,03,8015,02,,60,456,83,2,69
91WN00887, 91037458,91,03,L7458,2,83,30,333,4,2,0,5,6.0,6,4,2,105,114,8,87,87,687, 5, 0, 0, 0, 61,p11,,,1,1,1,0,241,1209,,95,,,421203,03,8015,02,,91,711,83,P,100
91WN00888, 91037459,91,03,L7459,2,81,30,313,2,1,3,2,5.0,5,4,2,105,114,23,93,80,620, 8, 0, 0, 0, 58,p11,,,1,1,1,0,203,1215,,,,,434303,03,9597,02,,84,587,81,P,91
91WN00889, 91037462,91,03,L7462,1,81,30,312,3,2,8,5,3.0,3,3,2,105,114,6,66,69,547, 5, 0, 0, 0, 49,,,,2,1,2,0,231,1207,93,,321,,385603,03,2348,03,,72,545,81,H,77
91WN00890, 91037463,91,03,L7463,1,81,30,312,3,2,8,5,3.0,3,3,2,105,114,18,66,72,574, 4, 0, 0, 0, 49,,,,1,1,2,0,231,1207,93,,350,,385603,03,2348,03,,75,587,81,H,80
91WN00891, 91037467,91,03,L7467,2,83,30,332,3,1,7,2,2.0,2,2,2,105,114,2,58,46,353,10, 0, 0, 0, 30,,,,1,1,1,0,198,810,93,,281,,417003,03,3404,03,,48,336,83,3,58
91WN00892, 91037469,91,03,L7469,2,81,30,314,2,2,5,5,3.0,3,3,2,105,114,8,97,76,582, 5, 0, 0, 0, 57,p12,,,1,1,1,0,217,1451,,,,,439603,03,2387,03,,79,623,81,P,84
91WN00893, 91037470,91,03,L7470,2,81,30,314,2,2,5,5,3.0,3,3,2,105,114,2,105,78,592, 7, 0, 0, 0, 55,p12,,,1,1,1,0,217,1451,,,,,439603,03,2387,03,,82,625,81,P,89
91WN00894, 91037471,91,03,L7471,2,80,30,302,2,1,3,2,4.0,4,4,2,105,114,22,78,68,528, 9, 0, 0, 0, 51,p02,,,1,1,1,0,209,1174,,,,,425203,03,1043,03,,71,494,80,W,78
91WN00895, 91037473,91,03,L7473,1,81,30,312,2,2,5,5,2.0,2,2,2,105,114,10,90,67,509, 4, 0, 0, 0, 47,,,,2,1,1,0,215,1209,93,,266,,385603,03,3724,03,,70,537,81,3,78
91WN00896, 91037474,91,03,L7474,1,81,30,312,2,2,5,5,2.0,2,2,2,105,114,4,91,80,622, 5, 0, 0, 0, 53,,,,2,1,2,0,215,1209,,,,,385603,03,3724,03,,84,643,81,P,95
91WN00897, 91037476,91,03,L7476,2,81,30,314,2,2,5,5,2.0,2,2,2,106,113,17,86,66,508, 6, 0, 0, 0, 48,015,,,2,1,1,0,215,1205,93,,281,,439603,03,3836,03,,70,588,81,2,79
91WN00898, 91037477,91,03,L7477,1,81,30,314,2,2,5,5,2.0,2,2,2,106,113,7,88,61,462,10, 0, 0, 0, 39,,,,1,1,2,0,215,1205,93,,266,,439603,03,3836,03,,64,488,81,3,66
91WN00899, 91037478,91,03,L7478,1,80,30,302,2,2,5,6,3.0,3,3,2,106,113,11,86,72,561, 5, 0, 0, 0, 50,,,,1,1,2,0,203,1115,93,,266,,425203,03,2199,03,,76,618,80,3,80
91WN00900, 91037479,91,03,L7479,1,80,30,302,2,2,5,4,3.0,3,3,2,106,113,17,102,76,582, 6, 0, 0, 0, 50,,,,2,1,2,0,203,1115,,95,,,425203,03,2199,03,,80,573,80,W,83
91WN00901, 91037480,91,03,L7480,3,81,30,P-4,1,1,1,1,1.0,1,1,2,106,113,21,53,66,537, 4, 0, 0, 0, 47,,,,1,1,2,0,203,1130,93,16,321,,373703,03,5736,03,,70,523,81,*,74
91WN00902, 91037482,91,03,L7482,2,83,30,334,3,2,8,5,3.0,3,3,2,106,113,5,82,72,565, 3, 0, 0, 0, 55,003,,,2,1,2,0,231,1077,92,,262,,422103,03,2534,03,,76,603,83,2,83
91WN00903, 91037483,91,03,L7483,3,83,30,334,3,2,8,5,3.0,3,3,2,106,113,1,81,81,645, 6, 0, 0, 0, 58,,,,2,1,2,0,231,1077,93,,321,,422103,03,2534,03,,86,641,83,*,90
91WN00904, 91037484,91,03,L7484,2,82,30,322,1,1,1,1,5.0,5,4,2,106,113,5,95,82,642, 6, 0, 0, 0, 61,p21,,,2,1,1,0,192,1238,,,,,354503,03,9555,02,,86,566,82,C,88
91WN00905, 91037485,91,03,L7485,2,81,30,P-3,1,1,1,1,1.0,1,1,2,106,113,1,103,68,511, 5, 0, 0, 0, 45,026,,,1,1,1,0,203,1132,92,,262,,358703,03,5610,03,,72,486,81,2,82
91WN00906, 91037487,91,03,L7487,2,81,30,311,3,2,8,6,3.5,3,3,2,106,113,21,75,65,509, 5, 0, 0, 0, 48,003,,,1,1,2,0,231,1215,92,,262,,380103,03,1254,03,,69,578,81,2,82
91WN00907, 91037488,91,03,L7488,1,81,30,311,3,2,8,4,3.5,3,3,2,106,113,1,91,73,565, 4, 0, 0, 0, 48,,,,1,1,2,0,231,1215,,,,,380103,03,1254,03,,77,535,81,C,79
91WN00908, 91037490,91,03,L7490,2,83,30,332,2,1,3,2,2.0,2,2,2,106,113,6,91,86,681, 5, 0, 0, 0, 60,009,,,1,1,1,0,215,1089,92,,262,,417003,03,4047,03,,91,670,83,2,99
91WN00909, 91037491,91,03,L7491,1,81,30,312,2,2,5,5,3.0,3,3,2,106,113,25,103,73,555, 8, 0, 0, 0, 55,,,,1,1,1,0,203,1233,,,,,385603,03,2256,03,,77,579,81,C,87
91WN00910, 91037492,91,03,L7492,2,81,30,312,2,2,5,5,3.0,3,3,2,106,113,24,102,74,565, 6, 0, 0, 0, 54,p12,,,1,1,1,0,203,1233,,,,,385603,03,2256,03,,78,628,81,P,87
91WN00911, 91037493,91,03,L7493,3,83,30,334,3,2,8,6,3.5,3,3,2,106,113,3,74,55,421,13, 0, 0, 0, 37,,,,1,1,3,0,245,1382,93,,281,,422103,03,1600,03,,58,467,83,*,63
91WN00912, 91037494,91,03,L7494,1,83,30,334,3,2,8,4,3.5,3,3,2,106,113,2,87,78,613,10, 0, 0, 0, 54,,,,1,1,5,0,245,1382,93,,350,,422103,03,1600,03,,82,584,83,H,87
91WN00913, 91037496,91,03,L7496,2,81,30,P-3,2,1,3,2,1.0,1,1,2,106,113,1,80,84,673, 5, 0, 0, 0, 54,021,,,2,1,1,0,213,1164,92,,262,,358703,03,5580,03,,89,670,81,2,95
91WN00914, 91037498,91,03,L7498,2,80,30,304,2,1,3,2,2.0,2,2,2,106,113,25,68,66,524, 6, 0, 0, 0, 51,014,,,1,1,1,0,215,1036,93,,281,,382203,03,3757,03,,70,538,80,2,80
91WN00915, 91037500,91,03,L7500,3,83,30,P-8,1,1,1,1,1.0,1,1,2,106,113,7,50,59,478, 7, 0, 0, 0, 43,,,,6,1,1,0,203,1112,93,79,350,,361303,03,5783,03,,62,446,83,*,72
91WN00916, 91037501,91,03,L7501,2,82,30,323,2,2,5,5,2.0,2,2,2,106,113,17,88,56,418, 5, 0, 0, 0, 36,,,,2,1,1,0,215,1362,93,14,281,,369803,03,3678,03,,59,498,82,3,72
91WN00917, 91037502,91,03,L7502,1,82,30,323,2,2,5,5,2.0,2,2,2,106,113,4,97,79,613, 4, 0, 0, 0, 49,,,,2,1,2,0,215,1362,,,,,369803,03,3678,03,,83,635,82,C,91
91WN00918, 91037503,91,03,L7503,3,80,30,P-1,1,1,1,1,1.0,1,1,2,106,113,4,91,79,619, 8, 0, 0, 0, 55,,,,2,1,1,0,203,1150,93,,321,,362403,03,4904,03,,83,583,80,*,92
91WN00919, 91037504,91,03,L7504,2,83,30,P-8,1,1,1,1,1.0,1,1,2,106,113,1,95,82,642, 9, 0, 0, 0, 59,PPL,,,2,1,1,0,203,1160,93,16,256,,361303,03,5630,03,,86,617,83,5,95
91WN00920, 91037505,91,03,L7505,2,80,30,303,3,2,8,5,5.0,5,4,2,106,113,29,96,72,552, 7, 0, 0, 0, 54,p02,,,1,1,1,0,192,1218,,,,,427803,03,9433,02,,76,604,80,W,83
91WN00921, 91037506,91,03,L7506,2,80,30,303,3,2,8,5,5.0,5,4,2,106,113,17,103,80,617, 7, 0, 0, 0, 56,p01,,,2,1,1,0,192,1218,,95,,,427803,03,9433,02,,84,654,80,W,91
91WN00922, 91037508,91,03,L7508,1,81,30,313,2,2,5,6,3.5,3,3,2,106,113,18,88,82,648, 5, 0, 0, 0, 55,,,,1,1,2,0,203,1194,93,,321,,434303,03,1497,03,,87,714,81,H,91
91WN00923, 91037509,91,03,L7509,2,81,30,313,2,2,5,4,3.5,3,3,2,106,113,18,105,66,491, 6, 0, 0, 0, 42,016,,,1,1,1,0,203,1194,93,95,281,,434303,03,1497,03,,69,514,81,2,78
91WN00924, 91037510,91,03,L7510,2,81,30,311,3,2,8,4,2.0,2,2,2,106,113,25,82,69,538, 5, 0, 0, 0, 52,003,,,1,1,1,0,248,1419,92,,262,,380103,03,4286,03,,73,596,81,2,82
91WN00925, 91037511,91,03,L7511,1,81,30,311,3,2,8,6,2.0,2,2,2,106,113,2,65,60,473, 4, 0, 0, 0, 37,,,,1,1,2,0,248,1419,93,,266,,380103,03,4286,03,,63,544,81,3,65
91WN00926, 91037513,91,03,L7513,1,83,30,333,2,1,3,2,6.0,6,4,2,106,113,1,108,89,692, 4, 0, 0, 0, 62,,,,2,1,2,0,191,1306,93,,266,,421203,03,8189,02,,94,568,83,3,92
91WN00927, 91037517,91,03,L7517,1,83,30,331,3,2,8,5,3.0,3,3,2,106,113,12,83,73,573, 6, 0, 0, 0, 49,,,,1,1,2,0,231,1292,93,,321,,394303,03,2563,03,,77,580,83,H,77
91WN00928, 91037518,91,03,L7518,2,83,30,331,3,2,8,5,3.0,3,3,2,106,113,24,83,55,413, 4, 0, 0, 0, 38,032,,,1,1,1,0,231,1292,93,,281,,394303,03,2563,03,,58,476,83,2,69
91WN00929, 91037519,91,03,L7519,1,82,30,325,2,2,5,4,3.5,3,3,2,106,113,5,110,100,788, 5, 0, 0, 0, 67,,,,2,1,2,0,231,1483,,,,,376603,03,1300,03,,106,763,82,C,107
91WN00930, 91037520,91,03,L7520,2,82,30,325,2,2,5,6,3.5,3,3,2,106,67,0,90,36,403, 0, 0, 0, 0, 36,,,,,1,,0,231,1483,19,,215,,376603,03,1300,03,,57,,82,6,0
91WN00931, 91037521,91,03,L7521,2,81,30,313,3,2,8,5,3.5,3,3,2,106,113,21,104,67,501, 6, 0, 0, 0, 46,005,,,1,1,1,0,231,1387,92,,262,,434303,03,1124,03,,71,560,81,2,77
91WN00932, 91037522,91,03,L7522,2,81,30,313,3,2,8,5,3.5,3,3,2,106,113,1,97,69,525, 6, 0, 0, 0, 45,007,,,1,1,1,0,231,1387,92,,262,,434303,03,1124,03,,73,558,81,2,74
91WN00933, 91037523,91,03,L7523,2,82,30,324,2,2,5,5,3.0,3,3,2,106,113,22,98,64,480, 4, 0, 0, 0, 42,028,,,2,1,1,0,203,1137,93,14,281,,374203,03,2515,03,,67,541,82,2,80
91WN00934, 91037524,91,03,L7524,1,82,30,324,2,2,5,5,3.0,3,3,2,106,113,1,101,74,565, 5, 0, 0, 0, 53,,,,1,1,3,0,203,1137,,,,,374203,03,2515,03,,78,557,82,C,80
91WN00935, 91037525,91,03,L7525,2,81,30,P-3,2,1,3,2,1.0,1,1,2,106,113,1,70,76,611, 6, 0, 0, 0, 52,022,,,1,1,1,0,213,1148,92,,262,,358703,03,5547,03,,80,608,81,2,87
91WN00936, 91037527,91,03,L7527,1,83,30,334,3,3,9,8,3.5,3,3,2,106,113,3,81,50,371,10, 0, 0, 0, 30,,,,2,1,1,0,231,1335,93,,266,,422103,03,1117,03,,53,417,83,3,60
91WN00937, 91037528,91,03,L7528,2,83,30,334,3,3,9,8,3.5,3,3,2,106,113,17,73,60,466, 7, 0, 0, 0, 39,031,,,1,1,1,0,231,1335,93,,281,,422103,03,1117,03,,63,530,83,2,74
91WN00938, 91037529,91,03,L7529,3,83,30,334,3,3,9,8,3.5,3,3,2,106,113,15,79,63,488, 6, 0, 0, 0, 43,,,,2,3,1,0,231,1335,93,02,321,,422103,03,1117,03,,66,548,83,*,74
91WN00939, 91037530,91,03,L7530,2,83,30,333,3,2,8,4,4.0,4,4,2,106,113,1,78,65,506, 5, 0, 0, 0, 42,007,,,1,1,1,0,209,1187,92,,262,,421203,03,0561,03,,69,490,83,2,74
91WN00940, 91037531,91,03,L7531,1,83,30,333,3,2,8,6,4.0,4,4,2,106,113,26,65,63,500, 6, 0, 0, 0, 40,,,,1,1,2,0,209,1187,93,,266,,421203,03,0561,03,,67,559,83,3,73
91WN00941, 91037533,91,03,L7533,2,83,30,333,3,1,7,2,3.5,3,3,2,106,113,4,82,96,777, 5, 0, 0, 0, 67,p01,,,1,1,1,0,231,1066,,95,,,421203,03,1445,03,,101,738,83,W,107
91WN00942, 91037535,91,03,L7535,2,80,30,301,3,1,7,2,3.5,3,3,2,106,113,7,99,83,647, 9, 0, 0, 0, 62,p02,,,2,1,1,0,245,1254,,,,,395803,03,1118,03,,88,612,80,W,94
91WN00943, 91037538,91,03,L7538,1,83,30,334,3,2,8,4,3.0,3,3,2,106,113,6,96,91,720, 7, 0, 0, 0, 62,,,,2,1,2,0,231,1023,,,,,422103,03,2295,03,,96,697,83,G,94
91WN00944, 91037539,91,03,L7539,3,83,30,334,3,2,8,6,3.0,3,3,2,106,113,8,80,71,558, 6, 0, 0, 0, 45,,,,1,1,1,0,231,1023,93,,321,,422103,03,2295,03,,75,609,83,*,87
91WN00945, 91037540,91,03,L7540,2,80,30,P-2,2,1,3,2,1.0,1,1,2,106,113,1,68,73,586, 6, 0, 0, 0, 51,p02,,,1,1,1,0,213,1142,,,,,429203,03,5001,03,,77,583,80,W,84
91WN00946, 91037543,91,03,L7543,3,82,30,324,3,2,8,4,4.5,4,4,2,106,113,14,107,82,631, 6, 0, 0, 0, 56,,,,2,1,1,0,209,1153,93,16,321,,374203,03,3241,80,,86,637,82,*,97
91WN00947, 91037544,91,03,L7544,2,82,30,324,3,2,8,6,4.5,4,4,2,106,113,10,81,70,548, 6, 0, 0, 0, 47,p22,,,2,1,1,0,209,1153,,16,,,374203,03,3241,80,,74,586,82,C,80
91WN00948, 91037545,91,03,L7545,1,80,30,303,2,2,5,5,3.0,3,3,2,106,113,17,92,63,476, 5, 0, 0, 0, 44,,,,2,1,1,0,203,1211,,95,,,427803,03,2002,03,,66,489,80,W,72
91WN00949, 91037546,91,03,L7546,1,80,30,303,2,2,5,5,3.0,3,3,2,106,113,8,100,82,637,13, 0, 0, 0, 57,,,,2,1,2,0,203,1211,93,95,321,,427803,03,2002,03,,86,639,80,H,86
91WN00950, 91037548,91,03,L7548,2,83,30,332,3,2,8,5,4.0,4,4,2,106,113,5,98,77,595, 5, 0, 0, 0, 54,001,,,2,1,1,0,209,1161,92,,262,,417003,03,0777,03,,81,616,83,2,90
91WN00951, 91037549,91,03,L7549,2,83,30,332,3,2,8,5,4.0,4,4,2,106,113,12,86,65,499, 4, 0, 0, 0, 44,029,,,2,1,1,0,209,1161,93,,281,,417003,03,0777,03,,68,529,83,2,78
91WN00952, 91037550,91,03,L7550,2,80,30,P-1,1,1,1,1,1.0,1,1,2,106,113,11,94,81,634, 7, 0, 0, 0, 58,p02,,,1,1,1,0,203,1160,,,,,362403,03,5476,03,,85,623,80,W,91
91WN00953, 91037552,91,03,L7552,1,81,30,314,3,2,8,4,2.0,2,2,2,106,113,5,97,76,587, 6, 0, 0, 0, 52,,,,2,1,2,0,215,1147,93,,321,,439603,03,3722,03,,80,588,81,H,83
91WN00954, 91037553,91,03,L7553,1,81,30,314,3,2,8,6,2.0,2,2,2,106,113,8,80,69,540,11, 0, 0, 0, 49,,,,1,1,2,0,215,1147,93,39,266,,439603,03,3722,03,,73,618,81,3,77
91WN00955, 91037554,91,03,L7554,2,82,30,326,1,1,1,1,2.0,2,2,2,107,112,18,121,97,758, 6, 0, 0, 0, 68,p23,,,1,1,1,0,198,937,,95,,,391803,03,3715,03,,103,743,82,C,107
91WN00956, 91037555,91,03,L7555,1,80,30,304,3,3,9,8,4.5,4,4,2,107,112,21,75,51,388, 6, 0, 0, 0, 45,,,,2,1,2,0,197,1155,93,66,266,,382203,03,0024,03,,54,442,80,3,62
91WN00957, 91037556,91,03,L7556,1,80,30,304,3,3,9,8,4.5,4,4,2,107,112,13,83,56,426, 4, 0, 0, 0, 38,,,,1,1,2,0,197,1155,93,,266,,382203,03,0024,03,,59,469,80,3,67
91WN00958, 91037557,91,03,L7557,1,80,30,304,3,3,9,8,4.5,4,4,2,107,112,15,106,59,432, 6, 0, 0, 0, 39,,,,2,1,2,0,197,1155,93,,266,,382203,03,0024,03,,62,478,80,3,67
91WN00959, 91037558,91,03,L7558,2,81,30,314,2,2,5,4,3.0,3,3,2,107,112,24,99,77,599, 6, 0, 0, 0, 57,010,,,2,1,1,0,188,1154,92,,262,,439603,03,2264,03,,82,631,81,2,90
91WN00960, 91037559,91,03,L7559,2,81,30,314,2,2,5,6,3.0,3,3,2,107,112,8,81,61,472, 6, 0, 0, 0, 42,018,,,1,1,1,0,188,1154,92,,262,,439603,03,2264,03,,65,526,81,2,72
91WN00961, 91037560,91,03,L7560,3,80,30,301,1,1,1,1,2.0,2,2,2,107,112,16,100,80,625,10, 0, 0, 0, 59,,,,1,1,2,0,198,1241,93,,350,,395803,03,3598,03,,85,592,80,*,89
91WN00962, 91037561,91,03,L7561,3,81,30,312,1,1,1,1,7.0,7,5,2,107,112,10,100,84,661, 4, 0, 0, 0, 61,,,,1,1,2,0,192,1379,93,14,321,,385603,03,7344,02,,89,591,81,*,97
91WN00963, 91037562,91,03,L7562,3,80,30,P-1,2,1,3,2,1.0,1,1,2,107,112,6,50,47,375,12, 0, 0, 0, 30,,,,2,1,1,0,213,1088,93,79,281,,362403,03,4738,03,,50,355,80,3,54
91WN00964, 91037564,91,03,L7564,2,83,30,331,3,1,7,2,4.5,4,4,2,107,112,17,91,73,571, 6, 0, 0, 0, 52,p02,,,1,1,1,0,209,997,,,,,394303,03,3239,80,,78,533,83,W,83
91WN00965, 91037567,91,03,L7567,1,83,30,334,2,1,3,2,3.0,3,3,2,107,112,1,91,93,749, 7, 0, 0, 0, 66,,,,1,1,2,0,231,1119,46,,358,,422103,03,2029,03,,99,644,83,G,95
91WN00966, 91037569,91,03,L7569,2,80,30,303,2,2,5,4,3.0,3,3,2,107,112,24,90,67,518, 7, 0, 0, 0, 49,014,,,2,1,1,0,217,1369,93,,281,,427803,03,2335,03,,71,550,80,2,81
91WN00967, 91037570,91,03,L7570,1,80,30,303,2,2,5,6,3.0,3,3,2,107,112,23,72,69,552, 7, 0, 0, 0, 44,,,,2,1,2,0,217,1369,,,,,427803,03,2335,03,,73,626,80,W,80
91WN00968, 91037571,91,03,L7571,2,82,30,321,3,2,8,5,3.0,3,3,2,107,112,7,81,58,446, 7, 0, 0, 0, 33,007,,,2,1,2,0,231,1267,92,,262,,353103,03,1874,03,,62,488,82,2,73
91WN00969, 91037572,91,03,L7572,1,82,30,321,3,2,8,5,3.0,3,3,2,107,112,4,81,78,624, 5, 0, 0, 0, 54,,,,2,1,2,0,231,1267,,,,,353103,03,1874,03,,83,622,82,C,84
91WN00970, 91037574,91,03,L7574,2,83,30,333,2,2,5,5,2.0,2,2,2,107,112,17,94,80,630, 5, 0, 0, 0, 54,p11,,,2,1,1,0,198,1248,,95,,,421203,03,3563,03,,85,711,83,P,94
91WN00971, 91037575,91,03,L7575,2,83,30,333,2,2,5,5,2.0,2,2,2,107,66,0,81,39,468, 0, 0, 0, 0, 39,,,,,1,,0,198,1248,97,95,227,,421203,03,3563,03,,64,,83,7,0
91WN00972, 91037576,91,03,L7576,1,81,30,314,2,2,5,5,4.0,4,4,2,107,112,11,118,72,538, 8, 0, 0, 0, 50,,,,1,1,2,0,209,1261,,,,,439603,03,1006,03,,76,527,81,P,80
91WN00973, 91037577,91,03,L7577,1,81,30,314,2,2,5,5,4.0,4,4,2,107,112,15,110,65,482, 9, 0, 0, 0, 45,,,,1,1,2,0,209,1261,93,,321,,439603,03,1006,03,,69,477,81,H,76
91WN00974, 91037578,91,03,L7578,1,82,30,328,3,2,8,4,5.0,5,4,2,107,112,22,91,82,651,10, 0, 0, 0, 58,,,,2,1,1,0,225,1366,,,,,416403,03,9335,02,,87,632,82,C,98
91WN00975, 91037579,91,03,L7579,2,82,30,328,3,2,8,6,5.0,5,4,2,107,112,29,73,72,578, 9, 0, 0, 0, 51,003,,,1,1,2,0,225,1366,92,,262,,416403,03,9335,02,,77,642,82,2,83
91WN00976, 91037582,91,03,L7582,2,81,30,313,3,2,8,5,3.0,3,3,2,107,112,22,84,68,532, 5, 0, 0, 0, 46,OUT,,,1,1,1,0,217,1119,93,14,281,,434303,03,2160,03,,72,594,81,3,80
91WN00977, 91037583,91,03,L7583,2,81,30,313,3,2,8,5,3.0,3,3,2,107,112,27,72,56,436, 6, 0, 0, 0, 44,034,,,1,1,1,0,217,1119,93,,281,,434303,03,2160,03,,59,504,81,2,65
91WN00978, 91037584,91,03,L7584,3,83,30,333,2,2,5,5,3.0,3,3,2,107,112,1,93,81,640, 5, 0, 0, 0, 53,,,,2,1,2,0,217,1340,93,14,321,,421203,03,1966,03,,86,637,83,*,92
91WN00979, 91037585,91,03,L7585,2,83,30,333,2,2,5,5,3.0,3,3,2,107,112,21,96,75,584, 5, 0, 0, 0, 55,p11,,,2,1,1,0,217,1340,,,,,421203,03,1966,03,,80,645,83,P,88
91WN00980, 91037587,91,03,L7587,1,81,30,313,3,2,8,5,3.0,3,3,2,107,112,1,69,75,608,10, 0, 0, 0, 47,,,,2,1,2,0,231,1352,,,,,434303,03,1922,03,,80,602,81,P,82
91WN00981, 91037588,91,03,L7588,1,81,30,313,3,2,8,5,3.0,3,3,2,107,112,1,63,71,578, 9, 0, 0, 0, 44,,,,1,1,1,0,231,1352,,,,,434303,03,1922,03,,76,572,81,P,77
91WN00982, 91037590,91,03,L7590,1,80,30,302,3,2,8,5,2.0,2,2,2,107,112,23,87,58,440, 6, 0, 0, 0, 39,,,,2,1,2,0,232,1172,93,95,266,,425203,03,3831,03,,62,488,80,3,64
91WN00983, 91037591,91,03,L7591,1,80,30,302,3,2,8,5,2.0,2,2,2,107,112,4,98,71,546, 4, 0, 0, 0, 50,,,,1,1,2,0,232,1172,,,,,425203,03,3831,03,,75,569,80,W,78
91WN00984, 91037593,91,03,L7593,1,80,30,301,3,2,8,4,7.0,7,5,2,107,112,17,81,78,624, 7, 0, 0, 0, 54,,,,2,1,3,0,220,1322,93,,266,,395803,03,7241,02,,83,613,80,3,85
91WN00985, 91037594,91,03,L7594,2,80,30,301,3,2,8,6,7.0,7,5,2,107,112,11,68,62,493, 6, 0, 0, 0, 39,007,,,2,1,1,0,220,1322,92,95,262,,395803,03,7241,02,,66,547,80,2,74
91WN00986, 91037596,91,03,L7596,1,83,30,331,3,2,8,5,5.5,5,4,2,107,112,27,86,78,620, 2, 0, 0, 0, 56,,,,2,1,2,0,203,1384,,,,,394303,03,8453,02,,83,630,83,G,89
91WN00987, 91037597,91,03,L7597,1,83,30,331,3,2,8,5,5.5,5,4,2,107,112,27,91,75,588, 3, 0, 0, 0, 53,,,,1,1,2,0,203,1384,93,15,350,,394303,03,8453,02,,80,598,83,H,84
91WN00988, 91037599,91,03,L7599,1,83,30,334,3,2,8,5,3.0,3,3,2,107,112,15,79,64,501,11, 0, 0, 0, 41,,,,1,1,2,0,245,1260,93,,266,,422103,03,2311,03,,68,513,83,3,67
91WN00989, 91037600,91,03,L7600,1,83,30,334,3,2,8,5,3.0,3,3,2,107,112,2,82,83,668, 7, 0, 0, 0, 57,,,,2,1,2,0,245,1260,,,,,422103,03,2311,03,,88,663,83,G,92
91WN00990, 91037601,91,03,L7601,3,83,30,332,2,2,5,5,2.0,2,2,2,107,112,29,78,40,288, 8, 0, 0, 0, 30,,,,1,1,1,0,215,1170,93,,281,,417003,03,3728,03,,42,344,83,3,52
91WN00991, 91037602,91,03,L7602,2,83,30,332,2,2,5,5,2.0,2,2,2,107,112,1,84,67,523, 7, 0, 0, 0, 43,014,,,1,1,1,0,215,1170,93,95,281,,417003,03,3728,03,,71,583,83,2,80
91WN00992, 91037603,91,03,L7603,2,80,30,303,2,2,5,5,2.0,2,2,2,107,112,5,105,72,549, 8, 0, 0, 0, 51,014,,,2,1,1,0,215,1387,93,95,281,,427803,03,4351,03,,76,614,80,2,82
91WN00993, 91037604,91,03,L7604,2,80,30,303,2,2,5,5,2.0,2,2,2,107,112,1,92,71,552, 6, 0, 0, 0, 51,012,,,1,1,1,0,215,1387,93,,281,,427803,03,4351,03,,75,612,80,2,84
91WN00994, 91037605,91,03,L7605,1,82,30,321,2,1,3,2,3.0,3,3,2,108,111,5,105,81,635, 5, 0, 0, 0, 49,,,,1,1,4,0,203,1104,93,,266,,353103,03,2141,03,,87,536,82,3,86
91WN00995, 91037607,91,03,L7607,1,81,30,311,2,2,5,5,3.0,3,3,2,108,111,25,98,75,587, 7, 0, 0, 0, 52,,,,2,1,2,0,203,1198,93,,321,,380103,03,1936,03,,80,613,81,H,88
91WN00996, 91037608,91,03,L7608,3,81,30,311,2,2,5,5,3.0,3,3,2,108,111,3,99,54,397, 8, 0, 0, 0, 34,,,,1,1,1,0,203,1198,93,,281,,380103,03,1936,03,,58,394,81,*,67
91WN00997, 91037610,91,03,L7610,2,82,30,324,2,1,3,2,3.0,3,3,2,108,111,5,82,84,683, 6, 0, 0, 0, 60,009,,,2,1,1,0,217,1263,92,,262,,374203,03,2099,03,,90,648,82,2,94
91WN00998, 91037613,91,03,L7613,2,83,30,P-7,2,1,3,2,1.0,1,1,2,108,111,10,54,72,600, 5, 0, 0, 0, 52,027,,,1,1,1,0,213,1144,92,,262,,354103,03,4934,03,,77,611,83,2,84
91WN00999, 91037615,91,03,L7615,2,81,30,314,3,2,8,3,3.0,3,3,2,108,111,18,108,69,524, 7, 0, 0, 0, 49,003,,,1,1,1,0,217,1194,92,,262,,439603,03,2407,03,,74,550,81,2,83
91WN01000, 91037616,91,03,L7616,2,81,30,314,3,2,8,7,3.0,3,3,2,108,111,2,76,59,463, 4, 0, 0, 0, 43,033,,,1,1,1,0,217,1194,92,,262,,439603,03,2407,03,,63,510,81,2,68
91WN01001, 91037618,91,03,L7618,2,82,30,321,3,2,8,5,3.0,3,3,2,108,111,15,76,62,490, 4, 0, 0, 0, 42,p23,,,1,1,1,0,245,1363,,,,,353103,03,2496,03,,66,544,82,C,74
91WN01002, 91037619,91,03,L7619,2,82,30,321,3,2,8,5,3.0,3,3,2,108,111,8,82,64,503, 5, 0, 0, 0, 39,030,,,2,1,1,0,245,1363,93,16,281,,353103,03,2496,03,,69,548,82,2,76
91WN01003, 91037620,91,03,L7620,3,83,30,332,1,1,1,1,3.0,3,3,2,108,111,1,92,80,638, 5, 0, 0, 0, 51,,,,1,1,1,0,174,1070,93,,321,,417003,03,2177,03,,86,561,83,*,92
91WN01004, 91037621,91,03,L7621,2,83,30,331,2,2,5,5,2.0,2,2,2,108,111,16,99,51,370, 6, 0, 0, 0, 35,034,,,2,1,1,0,198,987,93,,281,,394303,03,3645,03,,54,451,83,2,63
91WN01005, 91037622,91,03,L7622,1,83,30,331,2,2,5,5,2.0,2,2,2,108,111,3,103,66,502, 8, 0, 0, 0, 46,,,,2,1,1,0,198,987,93,,266,,394303,03,3645,03,,71,525,83,3,62
91WN01006, 91037623,91,03,L7623,1,83,30,332,2,2,5,5,3.0,3,3,2,108,111,12,107,77,597, 8, 0, 0, 0, 54,,,,1,1,2,0,188,1231,,,,,417003,03,2301,03,,82,606,83,G,88
91WN01007, 91037624,91,03,L7624,1,83,30,332,2,2,5,5,3.0,3,3,2,108,111,19,111,81,630, 7, 0, 0, 0, 53,,,,2,1,4,0,188,1231,93,,321,,417003,03,2301,03,,87,648,83,H,89
91WN01008, 91037625,91,03,L7625,2,83,30,331,2,2,5,5,2.0,2,2,2,108,111,19,99,72,559, 6, 0, 0, 0, 54,p01,,,2,1,1,0,198,1274,,,,,394303,03,3710,03,,77,644,83,W,85
91WN01009, 91037626,91,03,L7626,2,83,30,331,2,2,5,5,2.0,2,2,2,108,111,12,93,68,529, 6, 0, 0, 0, 44,p02,,,1,1,1,0,198,1274,,,,,394303,03,3710,03,,73,604,83,W,78
91WN01010, 91037627,91,03,L7627,3,80,30,P-1,1,1,1,1,1.0,1,1,2,108,111,2,108,74,569, 7, 0, 0, 0, 49,,,,1,1,1,0,203,1142,93,,321,,362403,03,5700,03,,79,533,80,*,84
91WN01011, 91037629,91,03,L7629,2,83,30,331,2,1,3,2,2.0,2,2,2,108,111,17,100,69,532, 6, 0, 0, 0, 48,p01,,,2,1,1,0,215,1080,,,,,394303,03,4335,03,,74,538,83,W,82
91WN01012, 91037630,91,03,L7630,2,83,30,334,3,2,8,4,3.5,3,3,2,108,111,11,100,70,541, 6, 0, 0, 0, 50,p01,,,1,1,1,0,245,1339,,,,,422103,03,1371,03,,75,557,83,W,81
91WN01013, 91037631,91,03,L7631,2,83,30,334,3,2,8,6,3.5,3,3,2,108,111,24,82,62,485, 5, 0, 0, 0, 42,030,,,2,1,1,0,245,1339,93,,281,,422103,03,1371,03,,66,561,83,2,76
91WN01014, 91037632,91,03,L7632,3,81,30,P-3,2,2,5,5,1.0,1,1,2,108,111,2,89,57,433, 7, 0, 0, 0, 37,,,,2,1,1,0,213,1252,93,,281,,358703,03,5012,03,,61,472,81,*,67
91WN01015, 91037633,91,03,L7633,2,81,30,P-3,2,2,5,5,1.0,1,1,2,108,111,22,77,59,462, 6, 0, 0, 0, 40,032,,,1,1,1,0,213,1252,93,,281,,358703,03,5012,03,,63,565,81,2,69
91WN01016, 91037635,91,03,L7635,2,83,30,331,3,2,8,5,2.0,2,2,2,108,111,12,65,58,464, 6, 0, 0, 0, 37,031,,,1,1,1,0,232,1315,93,,281,,394303,03,4393,03,,62,539,83,2,73
91WN01017, 91037636,91,03,L7636,1,83,30,331,3,2,8,5,2.0,2,2,2,108,111,23,74,68,546, 7, 0, 0, 0, 46,,,,2,1,1,0,232,1315,93,,321,,394303,03,4393,03,,73,595,83,H,78
91WN01018, 91037638,91,03,L7638,2,81,30,312,3,2,8,5,4.5,4,4,2,108,111,23,98,65,497,10, 0, 0, 0, 50,,,,2,9,1,0,209,1051,97,08,249,,385603,03,0050,03,,69,544,81,1,0
91WN01019, 91037639,91,03,L7639,1,81,30,312,3,2,8,5,4.5,4,4,2,108,111,15,94,67,519, 7, 0, 0, 0, 49,,,,2,1,2,0,209,1051,93,,350,,385603,03,0050,03,,72,515,81,H,77
91WN01020, 91037640,91,03,L7640,1,82,30,324,2,2,5,5,4.0,4,4,2,108,111,26,94,75,591, 4, 0, 0, 0, 51,,,,1,1,2,0,197,1232,,,,,374203,03,0723,03,,80,601,82,C,84
91WN01021, 91037641,91,03,L7641,1,82,30,324,2,2,5,5,4.0,4,4,2,108,111,10,83,76,610, 6, 0, 0, 0, 53,,,,2,1,2,0,197,1232,93,,321,,374203,03,0723,03,,81,599,82,H,85
91WN01022, 91037642,91,03,L7642,2,83,30,332,2,2,5,7,5.0,5,4,2,108,111,5,50,68,568, 4, 0, 0, 0, 44,034,,,2,1,1,0,192,1127,93,,281,,417003,03,9650,02,,73,601,83,2,64
91WN01023, 91037643,91,03,L7643,2,83,30,332,2,2,5,3,5.0,5,4,2,108,111,22,93,79,628, 6, 0, 0, 0, 59,009,,,1,1,1,0,192,1127,92,,262,,417003,03,9650,02,,85,641,83,2,94
91WN01024, 91037644,91,03,L7644,2,83,30,331,2,2,5,5,3.0,3,3,2,108,111,11,78,63,497, 4, 0, 0, 0, 47,030,,,1,1,1,0,217,1325,93,,281,,394303,03,1991,03,,67,546,83,2,75
91WN01025, 91037645,91,03,L7645,2,83,30,331,2,2,5,5,3.0,3,3,2,108,111,24,85,62,482, 5, 0, 0, 0, 47,015,,,2,1,1,0,217,1325,93,04,281,,394303,03,1991,03,,66,548,83,2,79
91WN01026, 91037646,91,03,L7646,1,82,30,327,2,2,5,6,3.0,3,3,2,108,111,23,93,75,592, 8, 0, 0, 0, 52,,,,1,1,4,0,188,1265,93,,321,,406403,03,2046,03,,80,667,82,H,80
91WN01027, 91037647,91,03,L7647,2,82,30,327,2,2,5,4,3.0,3,3,2,108,111,18,119,87,677, 6, 0, 0, 0, 63,p21,,,1,1,1,0,188,1265,,,,,406403,03,2046,03,,93,703,82,C,103
91WN01028, 91037649,91,03,L7649,2,81,30,312,3,2,8,5,2.0,2,2,2,108,111,8,70,63,505, 5, 0, 0, 0, 42,006,,,2,1,1,0,215,1186,92,,262,,385603,03,3820,03,,68,575,81,2,76
91WN01029, 91037650,91,03,L7650,3,81,30,312,3,2,8,5,2.0,2,2,2,108,111,6,69,56,442, 6, 0, 0, 0, 38,,,,2,4,1,0,215,1186,93,,281,,385603,03,3820,03,,60,472,81,*,67
91WN01030, 91037651,91,03,L7651,1,80,30,302,2,2,5,5,3.5,3,3,2,108,111,2,131,65,468, 7, 0, 0, 0, 44,,,,2,1,1,0,203,1160,93,,266,,425203,03,1236,03,,69,464,80,3,72
91WN01031, 91037652,91,03,L7652,1,80,30,302,2,2,5,5,3.5,3,3,2,108,111,1,118,67,497, 8, 0, 0, 0, 50,,,,2,1,2,0,203,1160,93,,266,,425203,03,1236,03,,71,492,80,3,79
91WN01032, 91037653,91,03,L7653,2,83,30,331,2,2,5,5,2.0,2,2,2,108,111,23,93,68,529, 8, 0, 0, 0, 48,p02,,,2,1,1,0,198,1237,,,,,394303,03,3473,03,,73,619,83,W,82
91WN01033, 91037654,91,03,L7654,2,83,30,331,2,2,5,5,2.0,2,2,2,108,111,7,90,63,486, 8, 0, 0, 0, 46,030,,,2,1,1,0,198,1237,93,,281,,394303,03,3473,03,,67,555,83,2,76
91WN01034, 91037655,91,03,L7655,2,83,30,331,1,1,1,1,3.0,3,3,2,108,111,22,118,89,695, 6, 0, 0, 0, 71,p12,,,2,1,1,0,188,1218,,16,,,394303,03,2349,03,,95,661,83,P,102
91WN01035, 91037656,91,03,L7656,2,80,30,304,2,2,5,6,2.0,2,2,2,108,111,19,76,39,283, 6, 0, 0, 0, 31,,,,1,1,1,0,198,1216,93,,281,,382203,03,4053,03,,42,378,80,3,51
91WN01036, 91037657,91,03,L7657,2,80,30,304,2,2,5,4,2.0,2,2,2,108,111,3,92,70,548, 6, 0, 0, 0, 51,p02,,,2,1,1,0,198,1216,,,,,382203,03,4053,03,,75,579,80,W,76
91WN01037, 91037658,91,03,L7658,3,83,30,334,2,2,5,6,4.0,4,4,2,108,111,17,76,69,553, 6, 0, 0, 0, 50,,,,1,1,1,0,197,1285,93,,321,,422103,03,0703,03,,74,601,83,*,85
91WN01038, 91037659,91,03,L7659,1,83,30,334,2,2,5,4,4.0,4,4,2,108,111,28,99,86,686, 8, 0, 0, 0, 59,,,,2,1,1,0,197,1285,,,,,422103,03,0703,03,,92,677,83,G,92
91WN01039, 91037660,91,03,L7660,1,80,30,304,2,2,5,5,3.0,3,3,2,108,111,20,89,83,668, 5, 0, 0, 0, 57,,,,1,1,1,0,217,1382,93,,321,,382203,03,2088,03,,89,688,80,H,87
91WN01040, 91037661,91,03,L7661,2,80,30,304,2,2,5,5,3.0,3,3,2,108,111,29,84,53,402, 7, 0, 0, 0, 39,019,,,1,1,1,0,217,1382,93,,281,,382203,03,2088,03,,57,474,80,2,67
91WN01041, 91037662,91,03,L7662,1,82,30,326,2,1,3,2,3.0,3,3,2,108,111,20,97,79,624, 8, 0, 0, 0, 49,,,,2,1,1,0,188,1017,,,,,391803,03,2136,03,,85,545,82,C,89
91WN01042, 91037665,91,03,L7665,2,81,30,314,3,2,8,5,6.5,6,4,2,108,111,4,89,55,415, 6, 0, 0, 0, 35,034,,,1,1,1,0,191,1018,93,,281,,439603,03,7763,02,,59,437,81,2,64
91WN01043, 91037666,91,03,L7666,2,81,30,314,3,2,8,5,6.5,6,4,2,108,111,11,79,70,559, 6, 0, 0, 0, 46,005,,,2,1,1,0,191,1018,92,,262,,439603,03,7763,02,,75,590,81,2,78
91WN01044, 91037668,91,03,L7668,2,80,30,301,3,2,8,5,3.0,3,3,2,109,110,24,72,53,416, 8, 0, 0, 0, 37,033,,,2,1,1,0,217,1237,92,,262,,395803,03,2185,03,,57,483,80,2,66
91WN01045, 91037669,91,03,L7669,2,80,30,301,3,2,8,5,3.0,3,3,2,109,110,18,79,66,528, 7, 0, 0, 0, 45,028,,,2,1,1,0,217,1237,93,,281,,395803,03,2185,03,,71,587,80,2,80
91WN01046, 91037671,91,03,L7671,2,80,30,P-1,2,1,3,2,1.0,1,1,2,109,110,13,69,69,565, 8, 0, 0, 0, 48,p02,,,1,1,1,0,213,1140,,,,,362403,03,5119,03,,75,581,80,W,76
91WN01047, 91037672,91,03,L7672,1,81,30,314,2,2,5,4,3.0,3,3,2,109,110,4,121,67,499, 6, 0, 0, 0, 47,,,,2,1,2,0,217,1164,93,,321,,439603,03,1925,03,,72,477,81,H,77
91WN01048, 91037673,91,03,L7673,2,81,30,314,2,2,5,6,3.0,3,3,2,109,110,11,99,75,592, 6, 0, 0, 0, 48,010,,,1,1,1,0,217,1164,92,,262,,439603,03,1925,03,,81,652,81,2,88
91WN01049, 91037676,91,03,L7676,2,80,30,303,3,1,7,2,6.5,6,4,2,109,110,5,90,63,491, 7, 0, 0, 0, 40,008,,,2,1,1,0,181,911,92,95,262,,427803,03,7437,02,,68,440,80,2,72
91WN01050, 91037677,91,03,L7677,2,80,30,304,3,1,7,2,5.0,5,4,2,109,110,15,60,62,509, 5, 0, 0, 0, 42,007,,,2,1,1,0,181,1034,92,,262,,382203,03,9343,02,,67,471,80,2,74
91WN01051, 91037679,91,03,L7679,1,80,30,304,3,1,7,2,5.0,5,4,2,109,110,10,67,74,612, 6, 0, 0, 0, 50,,,,1,1,2,0,181,1034,,,,,382203,03,9343,02,,80,504,80,W,80
91WN01052, 91037680,91,03,L7680,1,82,30,327,3,2,8,4,4.0,4,4,2,109,110,13,114,71,542, 7, 0, 0, 0, 47,,,,1,1,2,0,234,1176,,,,,406403,03,0687,03,,76,514,82,C,76
91WN01053, 91037681,91,03,L7681,2,82,30,327,3,2,8,6,4.0,4,4,2,109,110,1,96,68,531, 6, 0, 0, 0, 46,p21,,,2,1,1,0,234,1176,,,,,406403,03,0687,03,,73,560,82,C,78
91WN01054, 91037682,91,03,L7682,2,82,30,322,2,2,5,5,2.0,2,2,2,109,110,1,84,70,560, 8, 0, 0, 0, 46,027,,,2,1,1,0,215,1394,92,,262,,354503,03,3674,03,,76,622,82,2,83
91WN01055, 91037683,91,03,L7683,1,82,30,322,2,2,5,5,2.0,2,2,2,109,110,8,84,66,524, 9, 0, 0, 0, 42,,,,1,1,2,0,215,1394,,,,,354503,03,3674,03,,71,555,82,C,78
91WN01056, 91037684,91,03,L7684,2,83,30,P-8,2,2,5,5,1.0,1,1,2,109,110,11,71,57,454, 6, 0, 0, 0, 34,,,,2,1,1,0,213,1264,93,21,281,,361303,03,5605,03,,62,544,83,3,70
91WN01057, 91037685,91,03,L7685,2,83,30,P-8,2,2,5,5,1.0,1,1,2,109,110,23,68,60,484, 8, 0, 0, 0, 41,,,,2,1,1,0,213,1264,93,16,281,,361303,03,5605,03,,65,589,83,3,72
91WN01058, 91037686,91,03,L7686,3,81,30,312,1,1,1,1,5.0,5,4,2,109,110,11,69,67,546,10, 0, 0, 0, 52,,,,1,1,2,0,181,1180,93,,321,,385603,03,9563,02,,72,466,81,*,78
91WN01059, 91037687,91,03,L7687,2,82,30,322,2,2,5,5,3.0,3,3,2,109,110,28,89,58,446, 5, 0, 0, 0, 47,p21,,,2,1,1,0,188,1113,,,,,354503,03,2156,03,,62,518,82,C,70
91WN01060, 91037688,91,03,L7688,1,82,30,322,2,2,5,5,3.0,3,3,2,109,110,23,81,70,563, 5, 0, 0, 0, 46,,,,1,1,2,0,188,1113,93,,321,,354503,03,2156,03,,76,588,82,H,78
91WN01061, 91037689,91,03,L7689,1,83,30,331,2,2,5,4,2.0,2,2,2,109,110,1,119,80,619, 6, 0, 0, 0, 56,,,,2,1,2,0,215,1262,,,,,394303,03,3400,03,,86,618,83,G,85
91WN01062, 91037690,91,03,L7690,1,83,30,331,2,2,5,6,2.0,2,2,2,109,110,1,101,69,535, 4, 0, 0, 0, 49,,,,2,1,2,0,215,1262,,,,,394303,03,3400,03,,74,608,83,G,73
91WN01063, 91037691,91,03,L7691,2,80,30,304,1,1,1,1,2.0,2,2,2,109,64,0,80,38,469, 0, 0, 0, 0, 38,,,,,1,,0,198,1179,97,,227,,382203,03,4266,03,,64,,80,7,0
91WN01064, 91037692,91,03,L7692,1,82,30,P-6,1,1,1,1,1.0,1,1,2,109,110,10,116,84,658, 5, 0, 0, 0, 57,,,,1,1,2,0,203,1158,93,,321,,413603,03,5659,03,,91,565,82,H,92
91WN01065, 91037693,91,03,L7693,1,81,30,313,2,2,5,5,2.0,2,2,2,109,110,1,98,71,556, 8, 0, 0, 0, 48,,,,1,1,1,0,215,1359,,,,,434303,03,3486,03,,77,578,81,P,77
91WN01066, 91037694,91,03,L7694,2,81,30,313,2,2,5,5,2.0,2,2,2,109,110,13,98,68,529, 7, 0, 0, 0, 47,016,,,1,1,1,0,215,1359,93,,281,,434303,03,3486,03,,73,607,81,2,78
91WN01067, 91037695,91,03,L7695,1,82,30,328,2,2,5,4,3.0,3,3,2,110,109,10,118,79,617, 5, 0, 0, 0, 52,,,,1,1,2,0,217,1194,93,95,266,,416403,03,2140,03,,86,604,82,3,86
91WN01068, 91037696,91,03,L7696,1,82,30,328,2,2,5,6,3.0,3,3,2,110,109,5,96,70,554, 7, 0, 0, 0, 50,,,,1,1,1,0,217,1194,93,,321,,416403,03,2140,03,,76,608,82,H,79
91WN01069, 91037697,91,03,L7697,2,83,30,333,2,2,5,5,2.0,2,2,2,110,109,11,92,60,466, 6, 0, 0, 0, 36,031,,,1,1,1,0,215,1272,93,95,281,,421203,03,3761,03,,65,543,83,2,74
91WN01070, 91037698,91,03,L7698,1,83,30,333,2,2,5,5,2.0,2,2,2,110,109,5,102,73,576, 6, 0, 0, 0, 45,,,,2,1,2,0,215,1272,93,,266,,421203,03,3761,03,,79,604,83,3,81
91WN01071, 91037699,91,03,L7699,1,83,30,331,2,2,5,5,2.0,2,2,2,110,109,19,90,55,422, 4, 0, 0, 0, 37,,,,1,1,2,0,198,1198,93,,266,,394303,03,4024,03,,60,468,83,3,68
91WN01072, 91037700,91,03,L7700,2,83,30,331,2,2,5,5,2.0,2,2,2,110,109,10,86,72,582, 4, 0, 0, 0, 47,PPL,,,2,1,2,0,198,1198,93,14,256,,394303,03,4024,03,,78,657,83,5,83
91WN01073, 91037703,91,03,L7703,2,82,30,321,1,1,1,1,6.0,6,4,2,110,109,18,108,88,708, 5, 0, 0, 0, 61,p23,,,2,1,1,0,181,1161,,,,,353103,03,8313,02,,96,654,82,C,99
91WN01074, 91037704,91,03,L7704,1,82,30,321,2,2,5,5,2.0,2,2,2,110,109,6,98,76,607, 5, 0, 0, 0, 52,,,,1,1,1,0,198,1253,,,,,353103,03,3612,03,,83,636,82,C,86
91WN01075, 91037705,91,03,L7705,2,82,30,321,2,2,5,5,2.0,2,2,2,110,109,5,94,66,519, 3, 0, 0, 0, 42,028,,,2,1,1,0,198,1253,93,,281,,353103,03,3612,03,,72,588,82,2,80
91WN01076, 91037706,91,03,L7706,1,82,30,327,2,2,5,5,3.5,3,3,2,110,109,28,129,92,726, 5, 0, 0, 0, 66,,,,2,1,2,0,188,1166,,,,,406403,03,1498,03,,100,759,82,C,100
91WN01077, 91037707,91,03,L7707,2,81,30,312,2,2,5,5,3.0,3,3,2,110,109,24,96,61,472, 5, 0, 0, 0, 44,019,,,1,1,1,0,203,1237,93,,281,,385603,03,2159,03,,66,540,81,2,70
91WN01078, 91037708,91,03,L7708,1,81,30,312,2,2,5,5,3.0,3,3,2,110,109,10,90,73,587, 6, 0, 0, 0, 49,,,,1,1,3,0,203,1237,93,,266,,385603,03,2159,03,,79,596,81,3,82
91WN01079, 91037709,91,03,L7709,1,81,30,311,3,2,8,4,4.5,4,4,2,110,109,22,102,60,457, 7, 0, 0, 0, 42,,,,2,1,1,0,222,1002,93,,266,,380103,03,9983,02,,65,442,81,3,68
91WN01080, 91037710,91,03,L7710,1,81,30,311,3,2,8,6,4.5,4,4,2,110,109,27,83,61,483, 9, 0, 0, 0, 42,,,,2,1,1,0,222,1002,93,,266,,380103,03,9983,02,,66,548,81,3,73
91WN01081, 91037711,91,03,L7711,3,80,30,P-1,1,1,1,1,1.0,1,1,2,110,109,29,88,77,626, 8, 0, 0, 0, 53,,,,1,1,1,0,203,1160,93,,321,,362403,03,5141,03,,84,628,80,*,91
91WN01082, 91037712,91,03,L7712,2,82,30,P-5,1,1,1,1,1.0,1,1,2,110,109,26,94,73,583, 6, 0, 0, 0, 52,p23,,,1,1,1,0,203,1154,,,,,346703,03,5652,03,,79,596,82,C,85
91WN01083, 91037713,91,03,L7713,2,81,30,312,1,1,1,1,2.0,2,2,2,110,109,13,100,64,495, 6, 0, 0, 0, 45,020,,,2,1,1,0,198,1038,93,,281,,385603,03,4210,03,,69,477,81,2,76
91WN01084, 91037714,91,03,L7714,2,80,30,302,2,1,3,2,4.0,4,4,2,110,109,10,78,92,772, 7, 0, 0, 0, 62,p01,,,1,1,1,0,209,1185,,95,,,425203,03,0833,03,,100,728,80,W,100
91WN01085, 91037717,91,03,L7717,3,80,30,304,3,1,7,2,3.5,3,3,2,110,109,4,90,69,550, 5, 0, 0, 0, 52,NON,,,2,1,1,0,231,1098,,,,,382203,03,1799,03,,75,491,80,9,76
91WN01086, 91037719,91,03,L7719,2,82,30,328,2,2,5,5,2.0,2,2,2,110,109,11,81,36,256,10, 0, 0, 0, 20,,,,1,1,2,0,215,1135,93,97,281,,416403,03,3777,03,,39,333,82,3,40
91WN01087, 91037720,91,03,L7720,1,82,30,328,2,2,5,5,2.0,2,2,2,110,109,15,94,56,428, 6, 0, 0, 0, 39,,,,2,1,2,0,215,1135,93,95,266,,416403,03,3777,03,,61,469,82,3,66
91WN01088, 91037721,91,03,L7721,1,82,30,325,1,1,1,1,5.0,5,4,2,110,109,6,129,88,689, 6, 0, 0, 0, 61,,,,1,1,2,0,192,1264,93,,266,,376603,03,9198,02,,96,535,82,3,94
91WN01089, 91037722,91,03,L7722,1,83,30,332,4,2,0,5,3.5,3,3,2,110,109,11,70,71,587, 6, 0, 0, 0, 46,,,,1,1,3,0,231,1408,93,,266,,417003,03,1573,03,,77,597,83,3,88
91WN01090, 91037723,91,03,L7723,2,83,30,332,4,2,0,5,3.5,3,3,2,110,109,29,78,56,442,10, 0, 0, 0, 43,000,,,1,1,1,0,231,1408,92,,262,,417003,03,1573,03,,61,517,83,2,75
91WN01091, 91037725,91,03,L7725,2,83,30,332,4,1,0,2,3.5,3,3,2,110,109,21,67,71,590, 3, 0, 0, 0, 49,p01,,,1,1,1,0,231,1408,,,,,417003,03,1573,03,,77,578,83,W,81
91WN01092, 91037726,91,03,L7726,2,82,30,325,2,1,3,2,3.0,3,3,2,110,109,5,99,82,661, 4, 0, 0, 0, 59,p21,,,1,1,1,0,203,1028,,,,,376603,03,2314,03,,89,628,82,C,91
91WN01093, 91037728,91,03,L7728,2,83,30,331,2,2,5,5,3.5,3,3,2,110,109,15,98,64,497, 6, 0, 0, 0, 48,016,,,1,1,1,0,217,1121,93,,281,,394303,03,1793,03,,69,553,83,2,77
91WN01094, 91037729,91,03,L7729,2,83,30,331,2,2,5,5,3.5,3,3,2,110,109,12,108,66,506, 6, 0, 0, 0, 45,015,,,1,1,1,0,217,1121,93,,281,,394303,03,1793,03,,72,558,83,2,79
91WN01095, 91037730,91,03,L7730,2,80,30,304,2,1,3,2,2.0,2,2,2,110,109,11,73,72,594, 6, 0, 0, 0, 51,013,,,2,1,1,0,215,1075,92,,262,,382203,03,4401,03,,79,595,80,2,83
91WN01096, 91037733,91,03,L7733,1,80,30,301,3,2,8,6,5.0,5,4,2,110,109,21,104,82,657, 8, 0, 0, 0, 56,,,,2,1,3,0,225,1168,,,,,395803,03,9347,02,,89,715,80,W,90
91WN01097, 91037734,91,03,L7734,1,80,30,301,3,2,8,4,5.0,5,4,2,110,109,10,123,85,667, 6, 0, 0, 0, 59,,,,2,1,3,0,225,1168,,,,,395803,03,9347,02,,92,636,80,W,90
91WN01098, 91037735,91,03,L7735,2,80,30,304,2,2,5,6,2.0,2,2,2,110,109,19,75,63,509, 6, 0, 0, 0, 41,018,,,1,1,1,0,198,1246,92,,262,,382203,03,3857,03,,69,606,80,2,73
91WN01099, 91037736,91,03,L7736,2,80,30,304,2,2,5,4,2.0,2,2,2,110,109,13,88,65,516, 4, 0, 0, 0, 47,030,,,2,1,1,0,198,1246,93,,281,,382203,03,3857,03,,71,563,80,2,76
91WN01100, 91037737,91,03,L7737,2,80,30,302,2,2,5,6,2.0,2,2,2,110,109,29,82,63,503, 8, 0, 0, 0, 40,031,,,1,1,1,0,215,1308,93,95,281,,425203,03,3721,03,,69,613,80,2,74
91WN01101, 91037738,91,03,L7738,3,80,30,302,2,2,5,4,2.0,2,2,2,110,109,18,110,72,560,10, 0, 0, 0, 53,,,,2,1,1,0,215,1308,93,16,321,,425203,03,3721,03,,78,619,80,*,86
91WN01102, 91037739,91,03,L7739,2,80,30,302,2,1,3,2,2.0,2,2,2,111,108,28,73,76,636, 6, 0, 0, 0, 54,013,,,1,1,1,0,215,1110,92,,262,,425203,03,3550,03,,84,660,80,2,84
91WN01103, 91037741,91,03,L7741,3,80,30,P-1,1,1,1,1,1.0,1,1,2,111,108,29,98,75,604, 8, 0, 0, 0, 51,,,,1,1,1,0,203,1158,93,,321,,362403,03,4734,03,,82,607,80,*,90
91WN01104, 91037742,91,03,L7742,1,81,30,312,2,2,5,5,6.0,6,4,2,111,108,15,102,71,563, 7, 0, 0, 0, 50,,,,2,1,2,0,191,1313,,,,,385603,03,8300,02,,78,563,81,P,79
91WN01105, 91037743,91,03,L7743,2,81,30,312,2,2,5,5,6.0,6,4,2,111,108,5,90,64,509, 6, 0, 0, 0, 44,017,,,2,1,1,0,191,1313,92,,262,,385603,03,8300,02,,70,536,81,2,74
91WN01106, 91037744,91,03,L7744,2,83,30,332,1,1,1,1,4.0,4,4,2,111,108,3,102,88,720, 6, 0, 0, 0, 65,p01,,,1,1,1,0,197,1166,,,,,417003,03,0647,03,,97,647,83,W,99
91WN01107, 91037745,91,03,L7745,2,83,30,331,2,1,3,2,4.0,4,4,2,111,108,1,89,72,584, 7, 0, 0, 0, 45,016,,,2,1,1,0,209,1022,93,,281,,394303,03,0595,03,,79,530,83,2,78
91WN01108, 91037747,91,03,L7747,2,80,30,303,2,1,3,2,4.5,4,4,2,111,108,22,119,90,723, 6, 0, 0, 0, 66,p01,,,2,1,1,0,184,1033,,,,,427803,03,9767,02,,99,696,80,W,103
91WN01109, 91037748,91,03,L7748,3,80,30,303,1,1,1,1,3.0,3,3,2,111,108,28,113,50,358, 6, 0, 0, 0, 36,,,,1,1,2,0,203,1158,93,,281,,427803,03,2128,03,,54,320,80,*,64
91WN01110, 91037750,91,03,L7750,2,80,30,302,3,1,7,2,7.0,7,5,2,111,108,11,86,77,633, 7, 0, 0, 0, 53,028,,,1,1,1,0,183,1209,93,,281,,425203,03,7247,02,,85,606,80,2,82
91WN01111, 91037751,91,03,L7751,3,80,30,302,3,2,8,5,7.0,7,5,2,111,108,11,88,69,557, 8, 0, 0, 0, 47,,,,1,1,2,0,183,1209,93,91,321,,425203,03,7247,02,,76,569,80,*,80
91WN01112, 91037752,91,03,L7752,2,80,30,302,3,2,8,5,7.0,7,5,2,111,108,1,83,57,451, 6, 0, 0, 0, 35,033,,,1,1,1,0,183,1209,92,,262,,425203,03,7247,02,,62,487,80,2,67
91WN01113, 91037753,91,03,L7753,1,83,30,334,2,2,5,5,2.0,2,2,2,111,108,28,107,54,401,10, 0, 0, 0, 37,,,,1,1,1,0,215,1274,93,,266,,422103,03,3823,03,,59,460,83,3,64
91WN01114, 91037754,91,03,L7754,2,83,30,334,2,2,5,5,2.0,2,2,2,111,108,1,102,88,720, 4, 0, 0, 0, 61,p12,,,2,1,1,0,215,1274,,,,,422103,03,3823,03,,97,785,83,P,102
91WN01115, 91037755,91,03,L7755,1,82,30,327,1,1,1,1,2.0,2,2,2,111,108,17,125,92,736, 7, 0, 0, 0, 64,,,,2,1,2,0,198,1251,,,,,406403,03,3891,03,,101,641,82,C,101
91WN01116, 91037756,91,03,L7756,1,81,30,311,2,2,5,5,3.0,3,3,2,111,108,16,118,68,520, 8, 0, 0, 0, 46,,,,2,1,2,0,217,1278,93,,321,,380103,03,2317,03,,74,538,81,H,79
91WN01117, 91037757,91,03,L7757,2,81,30,311,2,2,5,5,3.0,3,3,2,111,108,25,111,67,518, 5, 0, 0, 0, 52,014,,,1,1,1,0,217,1278,93,,281,,380103,03,2317,03,,73,589,81,2,82
91WN01118, 91037759,91,03,L7759,2,82,30,323,3,2,8,5,2.0,2,2,2,111,108,5,85,76,625, 6, 0, 0, 0, 51,p21,,,2,1,1,0,232,1426,,,,,369803,03,4113,03,,84,695,82,C,92
91WN01119, 91037760,91,03,L7760,2,82,30,323,3,2,8,5,2.0,2,2,2,111,108,15,73,70,581, 5, 0, 0, 0, 48,028,,,2,1,1,0,232,1426,93,16,281,,369803,03,4113,03,,77,664,82,2,82
91WN01120, 91037761,91,03,L7761,2,81,30,P-3,1,1,1,1,1.0,1,1,2,111,108,25,92,74,600, 8, 0, 0, 0, 51,025,,,1,1,1,0,203,1158,93,,281,,358703,03,5701,03,,81,613,81,2,89
91WN01121, 91037762,91,03,L7762,2,80,30,301,2,1,3,2,2.0,2,2,2,111,108,1,100,79,639, 8, 0, 0, 0, 56,PPL,,,1,1,1,0,215,1096,93,14,256,,395803,03,3794,03,,87,628,80,5,88
91WN01122, 91037764,91,03,L7764,2,80,30,301,2,2,5,7,2.0,2,2,2,111,108,1,85,60,477, 8, 0, 0, 0, 43,,,,1,1,1,0,232,1308,93,21,281,,395803,03,3827,03,,66,552,80,3,69
91WN01123, 91037765,91,03,L7765,1,80,30,301,2,2,5,3,2.0,2,2,2,111,108,25,118,57,419,10, 0, 0, 0, 40,,,,1,1,2,0,232,1308,93,,266,,395803,03,3827,03,,62,452,80,3,70
91WN01124, 91037766,91,03,L7766,2,80,30,P-1,2,2,5,5,1.0,1,1,2,111,108,2,82,63,507, 7, 0, 0, 0, 40,027,,,1,1,1,0,213,1298,92,,262,,362403,03,5022,03,,69,587,80,2,83
91WN01125, 91037767,91,03,L7767,1,80,30,P-1,2,2,5,5,1.0,1,1,2,111,108,12,87,77,632,10, 0, 0, 0, 49,,,,1,1,3,0,213,1298,,,,,362403,03,5022,03,,85,685,80,W,82
91WN01126, 91037769,91,03,L7769,2,82,30,327,3,2,8,5,3.5,3,3,2,111,108,17,81,59,471, 8, 0, 0, 0, 41,p24,,,2,1,1,0,245,1295,,,,,406403,03,1775,03,,65,531,82,C,70
91WN01127, 91037770,91,03,L7770,1,82,30,327,3,2,8,5,3.5,3,3,2,111,108,7,83,64,516, 7, 0, 0, 0, 40,,,,2,1,2,0,245,1295,93,,266,,406403,03,1775,03,,70,522,82,3,70
91WN01128, 91037772,91,03,L7772,2,82,30,327,4,3,0,8,5.0,5,4,2,111,108,26,65,59,486, 5, 0, 0, 0, 40,000,,,1,1,1,0,247,1305,92,,262,,406403,03,9223,02,,65,551,82,2,71
91WN01129, 91037773,91,03,L7773,2,82,30,327,4,3,0,8,5.0,5,4,2,111,108,28,46,57,485, 7, 0, 0, 0, 35,000,,,1,1,1,0,247,1305,92,,262,,406403,03,9223,02,,63,552,82,2,69
91WN01130, 91037774,91,03,L7774,3,82,30,327,4,3,0,8,5.0,5,4,2,111,108,1,54,37,293, 0, 0, 0, 0, 27,,,,,1,,0,247,1305,97,57,249,,406403,03,9223,02,,40,320,82,3,0
91WN01131, 91037777,91,03,L7777,1,83,30,331,4,1,0,2,5.5,5,4,2,111,108,16,106,74,587, 5, 0, 0, 0, 49,,,,2,1,2,0,225,1203,93,,266,,394303,03,8964,02,,81,489,83,3,80
91WN01132, 91037779,91,03,L7779,2,83,30,331,4,2,0,5,5.5,5,4,2,111,108,1,80,66,537, 4, 0, 0, 0, 47,000,,,1,1,2,0,225,1203,92,,262,,394303,03,8964,02,,72,559,83,2,75
91WN01133, 91037780,91,03,L7780,2,83,30,331,4,2,0,5,5.5,5,4,2,111,108,15,73,68,562, 5, 0, 0, 0, 45,p01,,,2,1,1,0,225,1203,,,,,394303,03,8964,02,,75,602,83,W,77
91WN01134, 91037782,91,03,L7782,1,83,30,331,2,1,3,2,2.0,2,2,2,111,108,5,80,84,704, 5, 0, 0, 0, 58,,,,2,1,2,0,215,893,,,,,394303,03,4299,03,,92,634,83,1,89
91WN01135, 91037783,91,03,L7783,2,83,30,333,2,2,5,5,3.5,3,3,2,111,108,8,113,83,664, 5, 0, 0, 0, 54,p12,,,2,1,1,0,231,1495,,95,,,421203,03,1306,03,,91,712,83,P,96
91WN01136, 91037784,91,03,L7784,1,83,30,333,2,2,5,5,3.5,3,3,2,111,108,13,113,75,590, 7, 0, 0, 0, 55,,,,1,1,1,0,231,1495,93,95,321,,421203,03,1306,03,,82,604,83,H,83
91WN01137, 91037786,91,03,L7786,2,83,30,P-7,2,1,3,2,1.0,1,1,2,112,107,11,57,63,536, 6, 0, 0, 0, 42,,,,1,1,2,0,213,1132,93,79,281,,354103,03,5149,03,,70,553,83,3,72
91WN01138, 91037788,91,03,L7788,2,83,30,334,3,2,8,5,5.5,5,4,2,112,107,16,84,71,585, 7, 0, 0, 0, 47,OUT,,,1,1,1,0,192,917,93,21,281,,422103,03,8677,02,,79,628,83,3,82
91WN01139, 91037789,91,03,L7789,1,83,30,334,3,2,8,5,5.5,5,4,2,112,107,17,82,55,437, 7, 0, 0, 0, 38,,,,5,1,2,0,192,917,93,,266,,422103,03,8677,02,,61,440,83,3,61
91WN01140, 91037790,91,03,L7790,3,80,30,303,2,2,5,5,3.0,3,3,2,112,107,1,87,77,638, 7, 0, 0, 0, 49,,,,1,1,1,0,203,1273,93,21,321,,427803,03,2146,03,,85,641,80,*,89
91WN01141, 91037791,91,03,L7791,2,80,30,303,2,2,5,5,3.0,3,3,2,112,107,13,82,65,531, 8, 0, 0, 0, 47,017,,,1,1,1,0,203,1273,92,,262,,427803,03,2146,03,,72,587,80,2,77
91WN01142, 91037793,91,03,L7793,1,80,30,301,2,1,3,2,6.0,6,4,2,112,107,13,98,74,600, 9, 0, 0, 0, 50,,,,2,1,2,0,201,1072,93,,266,,395803,03,8408,02,,82,499,80,3,79
91WN01143, 91037794,91,03,L7794,2,81,30,P-4,1,1,1,1,1.0,1,1,2,112,107,3,89,54,421, 8, 0, 0, 0, 50,033,,,1,1,1,0,203,1112,92,,262,,373703,03,5612,03,,59,406,81,2,66
91WN01144, 91037796,91,03,L7796,2,83,30,332,2,1,3,2,2.0,2,2,2,112,107,10,83,51,399,10, 0, 0, 0, 40,,,,1,1,1,0,198,835,93,14,281,,417003,03,3342,03,,56,401,83,3,53
91WN01145, 91037799,91,03,L7799,1,80,30,302,2,2,5,5,5.0,5,4,2,112,107,27,106,63,490, 6, 0, 0, 0, 45,,,,1,1,2,0,236,1524,93,95,321,,425203,03,9678,02,,69,506,80,H,74
91WN01146, 91037800,91,03,L7800,1,80,30,302,2,2,5,5,5.0,5,4,2,112,107,24,123,92,745, 5, 0, 0, 0, 62,,,,1,1,3,0,236,1524,93,95,266,,425203,03,9678,02,,102,758,80,3,103
91WN01147, 91037801,91,03,L7801,2,80,30,303,1,1,1,1,2.0,2,2,2,113,106,26,92,77,640, 7, 0, 0, 0, 55,020,,,2,1,1,0,198,1124,93,,281,,427803,03,3631,03,,86,642,80,2,90
91WN01148, 91037802,91,03,L7802,2,80,30,304,2,2,5,5,4.0,4,4,2,113,106,19,119,69,539, 6, 0, 0, 0, 49,p01,,,2,1,1,0,197,1256,,,,,382203,03,0967,03,,77,587,80,W,81
91WN01149, 91037803,91,03,L7803,1,80,30,304,2,2,5,5,4.0,4,4,2,113,106,19,132,80,630, 5, 0, 0, 0, 53,,,,2,1,1,0,197,1256,,,,,382203,03,0967,03,,89,637,80,W,87
91WN01150, 91037804,91,03,L7804,3,80,30,301,2,1,3,2,3.0,3,3,2,113,106,5,105,69,552, 9, 0, 0, 0, 50,,,,5,1,2,0,203,1122,93,90,350,,395803,03,2133,03,,77,498,80,*,75
91WN01151, 91037806,91,03,L7806,1,83,30,331,2,1,3,2,2.0,2,2,2,113,106,3,111,75,603, 6, 0, 0, 0, 46,,,,1,1,2,0,215,1041,93,,321,,394303,03,4109,03,,83,533,83,H,77
91WN01152, 91037807,91,03,L7807,3,80,30,301,1,1,1,1,3.0,3,3,2,113,106,6,109,79,642, 9, 0, 0, 0, 53,,,,1,1,1,0,188,1119,93,,321,,395803,03,2089,03,,88,578,80,*,92
91WN01153, 91037808,91,03,L7808,2,82,30,P-5,1,1,1,1,1.0,1,1,2,114,105,25,100,75,619, 6, 0, 0, 0, 53,025,,,1,1,1,0,203,1164,93,,281,,346703,03,5032,03,,84,636,82,2,89
91WN01154, 91037812,91,03,L7812,2,83,30,P-8,1,1,1,1,1.0,1,1,2,114,105,16,78,51,411, 9, 0, 0, 0, 34,034,,,2,1,1,0,203,1112,93,,281,,361303,03,4912,03,,57,416,83,2,60
91WN01155, 91037813,91,03,L7813,2,81,30,P-3,1,1,1,1,1.0,1,1,2,114,105,7,98,73,602, 6, 0, 0, 0, 50,025,,,1,1,1,0,203,1154,93,,281,,358703,03,4883,03,,82,595,81,2,83
91WN01156, 91037815,91,03,L7815,2,80,30,301,3,2,8,6,4.0,4,4,2,114,105,4,88,77,650, 6, 0, 0, 0, 51,p02,,,1,1,1,0,209,1150,,,,,395803,03,0526,03,,87,690,80,W,91
91WN01157, 91037816,91,03,L7816,2,80,30,301,3,2,8,4,4.0,4,4,2,114,105,18,104,69,558, 9, 0, 0, 0, 45,p01,,,2,1,1,0,209,1150,,,,,395803,03,0526,03,,77,574,80,W,82
91WN01158, 91037818,91,03,L7818,1,80,30,P-2,2,1,3,2,1.0,1,1,2,115,104,1,96,74,619, 6, 0, 0, 0, 52,,,,1,1,2,0,213,1144,93,,266,,429203,03,5288,03,,84,563,80,3,80
91WN01159, 91037819,91,03,L7819,3,80,30,P-2,2,1,3,2,1.0,1,1,2,116,103,22,73,62,531,10, 0, 0, 0, 41,,,,2,1,2,0,213,1136,93,,350,,429203,03,4852,03,,71,543,80,*,75
91WN01160, 91037821,91,03,L7821,2,82,30,P-5,1,1,1,1,1.0,1,1,2,116,103,20,100,74,621, 5, 0, 0, 0, 50,p21,,,1,1,1,0,203,1162,,,,,346703,03,5577,03,,85,634,82,C,81
91WN01161, 91037826,91,03,L7826,1,80,30,304,2,1,3,2,4.0,4,4,2,117,102,13,89,86,756,11, 0, 0, 0, 59,,,,2,1,2,0,197,1084,93,,266,,382203,03,0894,03,,100,662,80,3,91
91WN01162, 91037831,91,03,L7831,2,80,30,P-1,2,1,3,2,1.0,1,1,1,122,96,18,78,74,690, 8, 0, 0, 0, 48,022,,,1,1,1,0,213,1176,92,,262,,362403,03,4824,03,,91,749,80,2,90
91WN01163, 91037834,91,03,L7834,2,80,30,P-1,2,2,5,5,1.0,1,1,1,123,95,26,64,52,480, 8, 0, 0, 0, 32,034,,,1,1,1,0,213,1302,93,,281,,362403,03,5029,03,,64,626,80,2,63
91WN01164, 91037835,91,03,L7835,3,80,30,P-1,2,2,5,5,1.0,1,1,1,123,95,32,74,57,522, 6, 0, 0, 0, 35,,,,2,1,1,0,213,1302,93,,321,,362403,03,5029,03,,70,639,80,*,75
91WN01165, 91037836,91,03,L7836,3,80,30,P-1,1,1,1,1,1.0,1,1,1,124,94,1,99,74,682, 6, 0, 0, 0, 46,,,,1,1,1,0,203,1170,93,,321,,362403,03,5471,03,,92,684,80,*,89
91WN01166, 91037837,91,03,L7837,3,80,30,P-1,1,1,1,1,1.0,1,1,1,129,89,32,101,52,471,10, 0, 0, 0, 42,,,,1,1,1,0,203,1142,93,,281,,362403,03,4782,03,,67,520,80,3,67
91WN01167, 91101282,91,10,S1282,1,18,07,006,2,2,5,5,3.0,3,3,3,82,144,8,98,99,619, 0, 0, 0, 0, 69,,,,,1,,0,175,1159,,,,3,966019,19,9419,19,,84,627,18,1,102
91WN01168, 91101283,91,10,S1283,1,18,07,006,2,2,5,5,3.0,3,3,3,82,144,8,88,77,474, 0, 0, 0, 0, 45,,,,,1,,0,175,1159,93,,266,3,966019,19,9419,19,,66,482,18,3,81
91WN01169, 91101285,91,10,S1285,1,18,42,001,2,1,3,2,2.0,2,2,3,83,141,3,103,71,430, 0, 0, 0, 0, 41,,,,,1,,0,184,816,93,,266,3,062110,10,9876,19,,62,340,12,3,74
91WN01170, 91101286,91,10,S1286,1,18,07,014,2,2,5,3,2.0,2,2,3,83,141,8,136,94,570, 0, 0, 0, 0, 70,,,,,1,,0,150,952,,,,3,994119,19,9593,19,,82,576,18,1,95
91WN01171, 91101287,91,10,S1287,2,18,07,014,2,2,5,7,2.0,2,2,3,83,141,8,92,85,538, 0, 0, 0, 0, 60,r-4,,,,1,,0,150,952,,,,3,994119,19,9593,19,,74,604,18,1,87
91WN01172, 91101288,91,10,S1288,2,18,07,011,2,2,5,5,3.0,3,3,1,83,135,32,88,73,476, 8, 0, 0, 0, 63,r-2,,,1,1,1,0,160,1029,,,,,982619,19,9212,19,,66,536,18,1,86
91WN01173, 91101289,91,10,S1289,2,18,07,011,2,2,5,5,3.0,3,3,1,83,135,1,77,69,454, 8, 0, 0, 0, 49,037,,,1,1,1,0,160,1029,92,,262,,982619,19,9212,19,,62,518,18,2,79
91WN01174, 91101290,91,10,S1290,3,18,42,001,3,1,7,2,2.0,2,2,1,83,135,15,86,92,618, 9, 0, 0, 0, 80,,,,2,1,1,0,200,994,93,,281,,062110,10,9614,19,,83,618,18,3,105
91WN01175, 91101291,91,10,S1291,2,18,07,012,2,2,5,5,2.0,2,2,3,83,142,5,69,78,501, 0, 0, 0, 0, 51,r-4,,,,1,,0,184,906,,,,3,985019,19,9698,19,,67,553,11,1,73
91WN01176, 91101292,91,10,S1292,2,18,07,012,2,2,5,5,2.0,2,2,3,83,142,4,79,73,458, 0, 0, 0, 0, 53,r-3,,,,1,,0,184,906,,,,3,985019,19,9698,19,,63,511,11,1,66
91WN01177, 91101293,91,10,S1293,3,18,07,010,2,1,3,2,2.0,2,2,3,83,143,14,92,101,642, 0, 0, 0, 0, 65,,,,,1,,0,167,904,93,,281,3,980719,19,0013,10,,86,627,12,3,100
91WN01178, 91101294,91,10,S1294,2,18,07,010,2,1,3,2,2.0,2,2,1,83,135,1,80,90,607, 6, 0, 0, 0, 69,r-3,,,1,1,1,0,167,904,,,,3,980719,19,0013,10,,81,616,12,1,105
91WN01179, 91101295,91,10,S1295,1,18,42,001,2,2,5,5,3.0,3,3,1,83,135,1,105,99,656, 7, 0, 0, 0, 74,,,,2,1,2,0,160,1118,,,,,062110,10,8757,19,,89,679,11,1,101
91WN01180, 91101296,91,10,S1296,1,18,42,001,2,2,5,5,3.0,3,3,1,83,135,25,113,90,583, 8, 0, 0, 0, 73,,,,2,1,2,0,160,1118,,,,,062110,10,8757,19,,81,603,11,1,99
91WN01181, 91101297,91,10,S1297,1,18,07,008,2,2,5,5,3.0,3,3,3,84,140,4,101,77,478, 0, 0, 0, 0, 53,,,,,1,,0,160,937,93,,266,3,973619,19,8678,19,,67,485,11,3,79
91WN01182, 91101298,91,10,S1298,1,18,07,008,2,2,5,5,3.0,3,3,3,84,140,3,87,74,466, 0, 0, 0, 0, 48,,,,,1,,0,160,937,93,,266,3,973619,19,8678,19,,65,473,11,3,74
91WN01183, 91101299,91,10,S1299,1,18,42,001,2,2,5,6,3.0,3,3,1,84,134,26,104,90,594, 7, 0, 0, 0, 69,,,,2,1,1,0,175,967,,,,,062110,10,8904,19,,82,669,11,1,111
91WN01184, 91101300,91,10,S1300,1,18,42,001,2,2,5,4,3.0,3,3,1,84,134,33,122,78,491, 8, 0, 0, 0, 64,,,,2,1,1,0,175,967,93,,266,,062110,10,8904,19,,71,505,11,3,93
91WN01185, 91101301,91,10,S1301,3,18,07,012,2,2,5,5,3.0,3,3,3,85,139,8,89,85,547, 0, 0, 0, 0, 62,,,,,1,,0,203,937,93,21,321,3,985019,19,8709,19,,75,587,18,H,0
91WN01186, 91101302,91,10,S1302,3,18,07,012,2,2,5,5,3.0,3,3,3,85,139,8,87,80,513, 0, 0, 0, 0, 61,,,,,1,,0,203,937,93,,281,3,985019,19,8709,19,,70,553,18,3,82
91WN01187, 91101303,91,10,S1303,3,18,07,006,1,1,1,1,2.0,2,2,3,85,141,2,125,111,699, 0, 0, 0, 0, 74,,,,,1,,0,150,1015,93,,281,3,966019,19,9787,19,,96,636,11,3,115
91WN01188, 91101304,91,10,S1304,2,18,42,004,2,1,3,2,2.0,2,2,3,85,140,5,87,79,502, 0, 0, 0,+, 59,r-2,,,,1,,0,184,904,,,,3,065310,10,9906,19,,69,495,12,1,80
91WN01189, 91101306,91,10,S1306,1,18,07,006,3,2,8,5,6.0,6,4,3,85,140,13,104,87,547, 0, 0, 0, 0, 58,,,,,1,,0,187,1229,,,,3,966019,19,6566,19,,76,553,18,1,84
91WN01190, 91101307,91,10,S1307,2,18,07,006,3,2,8,5,6.0,6,4,3,85,140,12,90,60,364, 0, 0, 0, 0, 39,,,,,3,,0,187,1229,93,06,281,3,966019,19,6566,19,,53,411,18,3,59
91WN01191, 91101308,91,10,S1308,2,18,07,006,3,1,7,2,6.0,6,4,1,85,133,26,86,85,574, 6, 0, 0, 0, 67,r-1,,,1,1,1,0,187,1229,,,,3,966019,19,6566,19,,78,575,18,1,99
91WN01192, 91101309,91,10,S1309,2,18,07,015,2,2,5,4,2.0,2,2,1,85,133,3,91,80,533,13, 0, 0, 0, 60,r-4,,,1,1,1,0,167,959,,,,,997519,19,9739,19,,73,585,11,1,92
91WN01193, 91101310,91,10,S1310,3,18,07,015,2,2,5,6,2.0,2,2,1,85,133,4,70,65,436,13, 0, 0, 0, 47,,,,1,1,3,0,167,959,93,,350,,997519,19,9739,19,,59,516,11,*,75
91WN01194, 91101311,91,10,S1311,2,18,42,003,2,2,5,5,6.0,6,4,3,85,140,5,94,88,561, 0, 0, 0, 0, 66,r-3,,,,1,,0,157,1007,,21,,3,068010,10,6116,19,,77,609,18,1,81
91WN01195, 91101312,91,10,S1312,2,18,42,003,2,2,5,5,6.0,6,4,3,85,140,4,91,87,556, 0, 0, 0, 0, 64,r-5,,,,1,,0,157,1007,,21,,3,068010,10,6116,19,,76,604,18,1,77
91WN01196, 91101313,91,10,S1313,2,18,07,012,2,2,5,6,2.0,2,2,3,86,139,14,78,71,455, 0, 0, 0, 0, 49,,,,,1,,0,150,885,93,,281,3,985019,19,9847,19,,62,519,12,3,68
91WN01197, 91101314,91,10,S1314,2,18,07,012,2,2,5,4,2.0,2,2,3,86,139,15,97,69,427, 0, 0, 0, 0, 50,r-1,,,,1,,0,150,885,,,,3,985019,19,9847,19,,61,463,12,1,76
91WN01198, 91101315,91,10,S1315,2,18,07,008,1,1,1,1,4.0,4,4,3,86,139,15,103,82,516, 0, 0, 0,?, 67,r-3,,,,1,,0,152,996,,,,3,973619,19,7917,19,,72,487,11,1,79
91WN01199, 91101316,91,10,S1316,3,18,07,009,1,1,1,1,3.0,3,3,3,86,138,15,124,108,693, 0, 0, 0, 0, 81,,,,,1,,0,160,1118,93,,281,3,978119,19,8702,19,,96,624,11,3,109
91WN01200, 91101317,91,10,S1317,1,18,07,009,3,2,8,4,2.0,2,2,3,86,140,2,99,96,615, 0, 0, 0, 0, 59,,,,,1,,0,200,973,,,,3,978119,19,9694,19,,84,622,11,1,97
91WN01201, 91101318,91,10,S1318,2,18,07,009,3,2,8,6,2.0,2,2,3,86,140,1,79,90,586, 0, 0, 0, 0, 59,r-4,,,,1,,0,200,973,,,,3,978119,19,9694,19,,78,652,11,1,91
91WN01202, 91101320,91,10,S1320,2,18,07,014,1,1,1,1,2.0,2,2,3,86,140,1,110,97,614, 0, 0, 0, 0, 67,,,,,1,,0,167,985,93,03,281,3,994119,19,9607,19,,85,590,11,3,100
91WN01203, 91101321,91,10,S1321,3,18,42,003,2,1,3,2,2.0,2,2,3,86,138,3,101,78,492, 0, 0, 0, 0, 56,,,,,1,,0,167,948,93,,321,3,068010,10,9659,19,,69,477,18,H,0
91WN01204, 91101326,91,10,S1326,1,18,07,008,3,2,8,5,5.0,5,4,1,86,132,13,95,99,678,10, 0, 0, 0, 72,,,,1,1,1,0,162,897,,,,,973619,19,7238,19,,91,699,11,1,105
91WN01205, 91101327,91,10,S1327,2,18,07,008,3,2,8,5,5.0,5,4,1,86,132,27,110,88,583, 8, 0, 0,+, 66,r-2,,,3,1,1,0,162,897,,,,,973619,19,7238,19,,81,643,11,1,101
91WN01206, 91101328,91,10,S1328,1,18,07,009,2,2,5,5,2.0,2,2,3,86,140,5,97,84,531, 0, 0, 0, 0, 51,,,,,1,,0,150,936,93,,266,3,978119,19,9905,19,,73,542,18,3,83
91WN01207, 91101329,91,10,S1329,2,18,07,009,2,2,5,5,2.0,2,2,3,86,140,5,103,86,541, 0, 0, 0, 0, 55,r-1,,,,1,,0,150,936,,,,3,978119,19,9905,19,,75,593,18,1,87
91WN01208, 91101330,91,10,S1330,2,18,07,008,1,1,1,1,2.0,2,2,3,86,140,10,107,109,702, 0, 0, 0, 0, 72,,,,,1,,0,167,1015,01,,289,3,973619,19,9575,19,,95,677,12,1,111
91WN01209, 91101331,91,10,S1331,2,18,42,004,2,2,5,5,4.0,4,4,3,86,140,13,106,80,496, 0, 0, 0,+, 56,r-2,,,,1,,0,189,1135,,95,,3,065310,10,7851,19,,70,543,11,1,82
91WN01210, 91101332,91,10,S1332,2,18,42,004,2,2,5,5,4.0,4,4,3,86,140,13,102,87,549, 0, 0, 0,+, 61,r-5,,,,1,,0,189,1135,,95,,3,065310,10,7851,19,,76,596,11,1,86
91WN01211, 91101333,91,10,S1333,2,18,07,008,1,1,1,1,2.0,2,2,1,86,132,25,103,84,558, 8, 0, 0,+, 69,r-1,,,1,1,1,0,134,784,,,,,973619,19,9804,19,,77,546,12,1,94
91WN01212, 91101334,91,10,S1334,2,18,07,014,1,1,1,1,3.0,3,3,3,86,138,19,115,101,649, 0, 0, 0, 0, 72,r-5,,,,1,,0,146,1007,,95,,3,994119,19,8874,19,,89,619,11,1,105
91WN01213, 91101335,91,10,S1335,2,18,42,001,2,2,5,5,2.0,2,2,1,86,132,17,103,68,437, 9, 0, 0,+, 58,r-4,,,1,1,1,0,184,1116,,,,,062110,10,9629,19,,63,502,11,1,81
91WN01214, 91101336,91,10,S1336,1,18,42,001,2,2,5,5,2.0,2,2,1,86,132,18,112,83,544, 9, 0, 0, 0, 58,,,,1,1,2,0,184,1116,,,,,062110,10,9629,19,,76,568,11,1,90
91WN01215, 91101337,91,10,S1337,3,18,07,010,2,2,5,5,3.0,3,3,3,86,139,1,105,85,536, 0, 0, 0, 0, 57,,,,,1,,0,175,1046,93,,281,3,980719,19,9209,19,,75,577,11,3,76
91WN01216, 91101338,91,10,S1338,3,18,07,010,2,2,5,5,3.0,3,3,3,86,139,1,94,84,537, 0, 0, 0, 0, 53,,,,,1,,0,175,1046,93,,321,3,980719,19,9209,19,,74,578,11,H,0
91WN01217, 91101339,91,10,S1339,2,18,07,015,2,2,5,5,5.0,5,4,3,86,139,6,115,78,478, 0, 0, 0, 0, 58,r-2,,,,1,,0,162,1037,,,,3,997519,19,7385,19,,69,526,11,1,72
91WN01218, 91101340,91,10,S1340,1,18,07,015,2,2,5,5,5.0,5,4,3,86,139,5,120,81,496, 0, 0, 0, 0, 55,,,,,1,,0,162,1037,93,,266,3,997519,19,7385,19,,72,503,11,3,83
91WN01219, 91101341,91,10,S1341,2,18,07,007,2,2,5,5,2.0,2,2,1,86,132,11,108,88,585,11, 0, 0,+, 68,r-1,,,2,1,1,0,184,1172,,,,,970019,19,9661,19,,81,651,11,1,103
91WN01220, 91101342,91,10,S1342,1,18,07,007,2,2,5,5,2.0,2,2,1,86,132,32,95,89,602,10, 0, 0, 0, 69,,,,2,1,2,0,184,1172,,,,,970019,19,9661,19,,82,625,11,1,103
91WN01221, 91101343,91,10,S1343,1,18,07,009,2,2,5,5,3.0,3,3,3,86,140,2,108,87,544, 0, 0, 0, 0, 59,,,,,1,,0,175,1214,93,,266,3,978119,19,9072,19,,76,552,18,3,90
91WN01222, 91101344,91,10,S1344,1,18,07,009,2,2,5,5,3.0,3,3,3,86,140,6,100,97,621, 0, 0, 0, 0, 63,,,,,1,,0,175,1214,,,,3,978119,19,9072,19,,85,628,18,1,101
91WN01223, 91101347,91,10,S1347,3,18,07,008,1,1,1,1,6.0,6,4,3,86,139,7,85,100,658, 0, 0, 0, 0, 72,,,,,1,,0,167,1204,93,,281,3,973619,19,6523,19,,87,591,11,3,97
91WN01224, 91101348,91,10,S1348,2,18,07,002,2,2,5,5,3.0,3,3,3,86,140,6,98,85,537, 0, 0, 0, 0, 56,r-5,,,,1,,0,189,1295,,,,3,004310,10,8749,19,,74,585,11,1,82
91WN01225, 91101349,91,10,S1349,2,18,07,002,2,2,5,5,3.0,3,3,3,86,140,6,114,89,554, 0, 0, 0, 0, 55,r-2,,,,1,,0,189,1295,,,,3,004310,10,8749,19,,78,602,11,1,86
91WN01226, 91101350,91,10,S1350,2,18,07,007,2,2,5,5,2.0,2,2,1,86,132,7,100,79,523, 9, 0, 0,+, 59,r-1,,,2,1,1,0,167,1156,,,,,970019,19,9573,19,,73,590,12,1,90
91WN01227, 91101351,91,10,S1351,1,18,07,007,2,2,5,5,2.0,2,2,1,86,132,22,107,75,487,13, 0, 0, 0, 58,,,,2,1,2,0,167,1156,93,,266,,970019,19,9573,19,,69,511,12,3,83
91WN01228, 91101353,91,10,S1353,3,18,07,015,2,1,3,2,2.0,2,2,3,86,138,7,96,84,539, 0, 0, 0, 0, 62,,,,,1,,0,184,932,93,,321,3,997519,19,9665,19,,74,524,12,H,0
91WN01229, 91101354,91,10,S1354,2,18,07,010,1,1,1,1,2.0,2,2,3,87,137,19,93,81,523, 0, 0, 0, 0, 54,r-4,,,,1,,0,150,922,,,,3,980719,19,0150,10,,72,496,18,1,82
91WN01230, 91101355,91,10,S1355,2,18,07,005,2,2,5,5,4.0,4,4,3,87,138,12,104,93,599, 0, 0, 0, 0, 58,r-3,,,,1,,0,177,1280,,,,3,962319,19,7827,19,,82,646,18,1,102
91WN01231, 91101356,91,10,S1356,2,18,07,005,2,2,5,5,4.0,4,4,3,87,138,12,98,88,567, 0, 0, 0, 0, 58,r-2,,,,1,,0,177,1280,,,,3,962319,19,7827,19,,78,614,18,1,89
91WN01232, 91101357,91,10,S1357,3,18,07,013,1,1,1,1,2.0,2,2,1,87,131,11,104,92,623,11, 0, 0, 0, 80,,,,2,1,4,0,167,1144,93,,281,,990819,19,0028,10,,85,573,11,3,94
91WN01233, 91101358,91,10,S1358,2,18,42,003,2,2,5,6,4.0,4,4,3,87,139,14,77,77,499, 0, 0, 0, 0, 53,r-5,,,,1,,0,164,1118,,,,3,068010,10,7848,19,,68,560,11,1,75
91WN01234, 91101359,91,10,S1359,2,18,42,003,2,2,5,4,4.0,4,4,3,87,139,14,94,84,537, 0, 0, 0, 0, 57,r-4,,,,1,,0,164,1118,,,,3,068010,10,7848,19,,74,569,11,1,82
91WN01235, 91101360,91,10,S1360,2,18,42,004,3,1,7,2,6.0,6,4,1,87,131,1,78,88,612, 5, 0, 0,+, 67,r-3,,,2,1,1,0,167,1047,,,,3,065310,10,6449,19,,81,616,11,1,96
91WN01236, 91101361,91,10,S1361,2,18,42,004,3,2,8,5,6.0,6,4,3,87,139,5,99,75,468, 0, 0, 0,+, 53,r-3,,,,1,,0,167,1047,,,,3,065310,10,6449,19,,66,516,11,1,80
91WN01237, 91101362,91,10,S1362,2,18,42,004,3,2,8,5,6.0,6,4,3,87,139,5,102,81,509, 0, 0, 0, 0, 52,,,,,1,,0,167,1047,97,,268,3,065310,10,6449,19,,71,557,11,7,0
91WN01238, 91101363,91,10,S1363,2,18,07,008,2,2,5,6,5.0,5,4,3,87,138,13,84,76,490, 0, 0, 0,+, 51,r-3,,,,1,,0,162,972,,,,3,973619,19,7037,19,,67,551,12,1,74
91WN01239, 91101364,91,10,S1364,2,18,07,008,2,2,5,4,5.0,5,4,3,87,138,14,108,74,458, 0, 0, 0,+, 50,r-4,,,,1,,0,162,972,,,,3,973619,19,7037,19,,66,490,12,1,77
91WN01240, 91101365,91,10,S1365,1,18,07,005,2,2,5,5,3.0,3,3,3,87,138,14,133,90,556, 0, 0, 0, 0, 62,,,,,1,,0,160,1101,,,,3,962319,19,8666,19,,80,562,11,1,91
91WN01241, 91101366,91,10,S1366,1,18,07,005,2,2,5,5,3.0,3,3,3,87,138,15,119,82,508, 0, 0, 0, 0, 53,,,,,1,,0,160,1101,93,,266,3,962319,19,8666,19,,73,514,11,3,91
91WN01242, 91101367,91,10,S1367,3,18,07,008,1,1,1,1,2.0,2,2,3,87,137,15,118,111,724, 0, 0, 0, 0, 77,,,,,1,,0,150,1024,93,,281,3,973619,19,9903,19,,99,659,18,3,115
91WN01243, 91101368,91,10,S1368,2,18,07,006,1,1,1,1,4.0,4,4,3,87,138,6,121,90,564, 0, 0, 0, 0, 62,r-1,,,,1,,0,139,663,,,,3,966019,19,7957,19,,80,536,12,1,85
91WN01244, 91101369,91,10,S1369,2,18,07,007,2,2,5,5,4.0,4,4,1,87,131,32,106,78,515, 9, 0, 0,+, 66,r-5,,,1,1,1,0,177,1291,,,,,970019,19,7903,19,,72,574,11,1,99
91WN01245, 91101370,91,10,S1370,3,18,07,007,2,2,5,5,4.0,4,4,1,87,131,29,112,82,540, 8, 0, 0, 0, 66,,,,2,1,1,0,177,1291,93,,321,,970019,19,7903,19,,76,592,11,H,0
91WN01246, 91101371,91,10,S1371,2,18,07,014,2,2,5,5,4.0,4,4,3,87,138,5,92,77,491, 0, 0, 0, 0, 53,r-4,,,,1,,0,189,1111,,,,3,994119,19,8021,19,,68,539,11,1,80
91WN01247, 91101372,91,10,S1372,1,18,07,014,2,2,5,5,4.0,4,4,3,87,138,6,98,78,494, 0, 0, 0, 0, 60,,,,,1,,0,189,1111,93,,266,3,994119,19,8021,19,,69,501,11,3,77
91WN01248, 91101373,91,10,S1373,3,18,07,008,2,2,5,5,3.0,3,3,3,87,138,18,60,61,399, 0, 0, 0, 0, 37,,,,,1,,0,175,1067,93,,281,3,973619,19,8977,19,,54,437,11,3,70
91WN01249, 91101374,91,10,S1374,3,18,07,008,2,2,5,5,3.0,3,3,3,87,138,18,70,84,558, 0, 0, 0, 0, 56,,,,,1,,0,175,1067,93,21,281,3,973619,19,8977,19,,74,596,11,3,93
91WN01250, 91101375,91,10,S1375,2,18,42,001,2,2,5,5,4.0,4,4,1,87,131,1,87,65,430, 9, 0, 0, 0, 56,037,,,1,1,3,0,164,947,92,,262,,062110,10,7847,19,,60,493,11,2,74
91WN01251, 91101376,91,10,S1376,2,18,42,001,2,2,5,5,4.0,4,4,1,87,131,2,89,72,482, 9, 0, 0,+, 55,r-2,,,1,1,1,0,164,947,,,,,062110,10,7847,19,,67,545,11,1,77
91WN01252, 91101377,91,10,S1377,2,18,42,003,2,1,3,2,2.0,2,2,1,87,131,16,76,77,530, 5, 0, 0, 0, 61,r-4,,,2,1,1,0,167,1114,,,,3,068010,10,9639,19,,71,536,11,1,86
91WN01253, 91101378,91,10,S1378,2,18,42,003,2,1,3,2,2.0,2,2,3,87,139,14,101,102,661, 0, 0, 0, 0, 68,r-3,,,,1,,0,167,1114,,,,3,068010,10,9639,19,,89,652,11,1,98
91WN01254, 91101379,91,10,S1379,2,18,07,010,1,1,1,1,2.0,2,2,3,87,137,21,116,101,653, 0, 0, 0, 0, 73,r-1,,,,1,,0,150,973,,,,3,980719,19,9825,19,,90,626,12,1,97
91WN01255, 91101380,91,10,S1380,2,18,07,014,2,2,5,5,5.0,5,4,3,87,139,13,94,73,458, 0, 0, 0, 0, 52,r-1,,,,1,,0,151,894,,,,3,994119,19,7384,19,,64,505,11,1,76
91WN01256, 91101381,91,10,S1381,1,18,07,014,2,2,5,5,5.0,5,4,3,87,139,13,92,76,481, 0, 0, 0, 0, 50,,,,,1,,0,151,894,93,,266,3,994119,19,7384,19,,67,487,11,3,77
91WN01257, 91101382,91,10,S1382,2,18,07,002,2,1,3,2,2.0,2,2,3,87,138,18,55,71,475, 0, 0, 0, 0, 47,,,,,1,,0,167,955,93,,281,3,004310,10,9923,19,,62,466,11,3,68
91WN01258, 91101383,91,10,S1383,2,18,07,012,2,2,5,5,4.0,4,4,3,87,138,14,110,80,500, 0, 0, 0, 0, 59,r-1,,,,1,,0,177,1107,,,,3,985019,19,8146,19,,71,547,18,1,83
91WN01259, 91101384,91,10,S1384,2,18,07,012,2,2,5,5,4.0,4,4,3,87,138,13,99,86,551, 0, 0, 0, 0, 57,r-5,,,,1,,0,177,1107,,,,3,985019,19,8146,19,,76,598,18,1,82
91WN01260, 91101385,91,10,S1385,1,18,07,008,1,1,1,1,3.0,3,3,3,87,138,4,99,98,638, 0, 0, 0, 0, 67,,,,,1,,0,132,774,93,,266,3,973619,19,9374,19,,87,493,12,3,97
91WN01261, 91101388,91,10,S1388,2,18,07,006,2,2,5,5,2.0,2,2,1,87,131,8,74,68,463, 8, 0, 0, 0, 52,038,,,2,1,1,0,167,1121,92,,262,,966019,19,9959,19,,63,529,11,2,72
91WN01262, 91101389,91,10,S1389,2,18,07,006,2,2,5,5,2.0,2,2,1,87,131,11,80,75,511, 8, 0, 0, 0, 56,r-2,,,2,1,1,0,167,1121,,,,,966019,19,9959,19,,69,577,11,1,87
91WN01263, 91101390,91,10,S1390,1,18,07,007,1,1,1,1,2.0,2,2,1,87,131,5,118,104,704, 9, 0, 0, 0, 78,,,,2,1,1,0,150,1003,,,,,970019,19,9968,19,,96,578,11,1,111
91WN01264, 91101391,91,10,S1391,2,18,07,006,2,1,3,2,2.0,2,2,3,87,138,19,96,92,597, 0, 0, 0, 0, 62,r-3,,,,1,,0,167,985,,,,3,966019,19,9572,19,,81,587,12,1,101
91WN01265, 91101393,91,10,S1393,3,18,42,003,2,1,3,2,3.0,3,3,1,88,130,18,104,74,489, 8, 0, 0, 0, 55,,,,1,1,3,0,189,981,93,,321,,068010,10,9347,19,,69,483,11,*,84
91WN01266, 91101396,91,10,S1396,2,18,07,013,3,1,7,2,7.0,7,5,1,88,130,1,74,77,535, 8, 0, 0, 0, 60,r-2,,,2,1,1,0,199,1101,,,,,990819,19,5561,19,,72,548,12,1,94
91WN01267, 91101397,91,10,S1397,2,18,07,013,3,1,7,2,7.0,7,5,1,88,130,1,73,84,590, 8, 0, 0, 0, 71,r-1,,,2,1,1,0,199,1101,,,,,990819,19,5561,19,,78,603,12,1,101
91WN01268, 91101398,91,10,S1398,2,18,07,014,1,1,1,1,6.0,6,4,3,88,137,5,128,74,447, 0, 0, 0, 0, 60,r-4,,,,1,,0,127,784,,,,3,994119,19,6715,19,,66,419,12,1,73
91WN01269, 91101399,91,10,S1399,1,18,07,009,2,2,5,3,6.0,6,4,3,88,137,15,102,77,488, 0, 0, 0, 0, 59,,,,,1,,0,137,700,93,,266,3,978119,19,6589,19,,69,489,12,3,81
91WN01270, 91101400,91,10,S1400,2,18,07,009,2,2,5,7,6.0,6,4,3,88,137,18,65,67,442, 0, 0, 0, 0, 40,,,,,1,,0,137,700,93,,281,3,978119,19,6589,19,,59,502,12,3,72
91WN01271, 91101401,91,10,S1401,2,18,42,004,1,1,1,1,5.0,5,4,3,88,137,4,126,89,558, 0, 0, 0,+, 67,r-3,,,,1,,0,162,1010,,,,3,065310,10,7604,19,,80,530,18,1,83
91WN01272, 91101402,91,10,S1402,1,18,07,009,1,1,1,1,5.0,5,4,3,88,137,14,121,108,700, 0, 0, 0, 0, 76,,,,,1,,0,151,897,,,,3,978119,19,7643,19,,96,554,18,1,112
91WN01273, 91101403,91,10,S1403,2,18,07,014,2,1,3,2,2.0,2,2,3,88,137,5,78,81,534, 0, 0, 0, 0, 58,r-5,,,,1,,0,167,950,,,,3,994119,19,9884,19,,72,526,11,1,80
91WN01274, 91101405,91,10,S1405,2,18,07,014,1,1,1,1,3.0,3,3,3,88,138,14,90,93,609, 0, 0, 0, 0, 69,r-3,,,,1,,0,146,883,,,,3,994119,19,8768,19,,82,579,18,1,94
91WN01275, 91101407,91,10,S1407,3,18,07,002,2,1,3,2,5.0,5,4,3,88,137,5,86,81,528, 0, 0, 0, 0, 61,,,,,1,,0,151,825,93,,321,3,004310,10,7599,19,,72,509,18,H,0
91WN01276, 91101408,91,10,S1408,2,18,07,006,1,1,1,1,2.0,2,2,3,88,137,15,108,77,483, 0, 0, 0, 0, 62,r-1,,,,1,,0,150,939,,,,3,966019,19,9962,19,,69,457,12,1,79
91WN01277, 91101409,91,10,S1409,2,18,07,010,2,2,5,5,3.0,3,3,3,88,138,8,88,80,516, 0, 0, 0, 0, 55,r-4,,,,1,,0,175,1217,,95,,3,980719,19,8813,19,,71,563,11,1,89
91WN01278, 91101410,91,10,S1410,2,18,07,010,2,2,5,5,3.0,3,3,3,88,138,10,93,83,534, 0, 0, 0, 0, 59,r-2,,,,1,,0,175,1217,,,,3,980719,19,8813,19,,73,581,11,1,92
91WN01279, 91101413,91,10,S1413,2,18,07,011,1,1,1,1,2.0,2,2,1,88,130,7,102,94,645, 8, 0, 0, 0, 78,r-2,,,2,1,1,0,167,957,,,,,982619,19,9583,19,,88,635,11,1,113
91WN01280, 91101414,91,10,S1414,2,18,07,011,2,2,5,5,4.0,4,4,1,88,130,19,93,67,444, 9, 0, 0, 0, 56,037,,,2,1,1,0,152,852,92,,262,,982619,19,7811,19,,63,505,12,2,79
91WN01281, 91101415,91,10,S1415,2,18,07,011,2,2,5,5,4.0,4,4,1,88,130,28,102,73,483, 8, 0, 0, 0, 55,r-1,,,1,1,1,0,152,852,,,,,982619,19,7811,19,,68,543,12,1,85
91WN01282, 91101416,91,10,S1416,2,18,07,012,2,2,5,5,2.0,2,2,1,88,130,5,91,80,545, 7, 0, 0, 0, 59,r-4,,,2,1,1,0,167,1089,,,,,985019,19,9944,19,,75,611,18,1,93
91WN01283, 91101417,91,10,S1417,2,18,07,012,2,2,5,5,2.0,2,2,1,88,130,15,91,69,461, 6, 0, 0, 0, 55,036,,,2,1,1,0,167,1089,92,,262,,985019,19,9944,19,,64,526,18,2,82
91WN01284, 91101418,91,10,S1418,2,18,07,002,3,1,7,2,6.0,6,4,1,88,130,17,64,53,358,10, 0, 0, 0, 44,038,,,1,1,1,0,197,1063,92,,262,3,004310,10,6327,19,,49,360,12,2,63
91WN01285, 91101419,91,10,S1419,3,18,07,002,3,2,8,5,6.0,6,4,3,88,138,14,99,74,464, 0, 0, 0, 0, 46,,,,,1,,0,197,1063,93,,281,3,004310,10,6327,19,,66,503,12,3,75
91WN01286, 91101420,91,10,S1420,3,18,07,002,3,2,8,5,6.0,6,4,3,88,138,14,98,78,494, 0, 0, 0, 0, 49,,,,,1,,0,197,1063,93,,281,3,004310,10,6327,19,,69,533,12,3,78
91WN01287, 91101422,91,10,S1422,2,18,07,009,2,1,3,2,2.0,2,2,3,88,138,1,89,92,602, 0, 0, 0, 0, 65,r-3,,,,1,,0,150,793,,,,3,978119,19,9574,19,,81,,11,1,102
91WN01288, 91101424,91,10,S1424,2,18,07,006,2,2,5,5,2.0,2,2,3,88,136,20,94,78,504, 0, 0, 0, 0, 51,r-1,,,,1,,0,167,1105,,,,3,966019,19,9687,19,,70,553,18,1,78
91WN01289, 91101425,91,10,S1425,3,18,07,006,2,2,5,5,2.0,2,2,3,88,136,19,98,74,472, 0, 0, 0, 0, 50,,,,,1,,0,167,1105,93,,321,3,966019,19,9687,19,,66,514,18,H,0
91WN01290, 91101427,91,10,S1427,2,18,07,011,2,1,3,2,2.0,2,2,1,88,130,8,105,85,573, 9, 0, 0, 0, 67,035,,,1,1,1,0,167,788,93,,281,,982619,19,9789,19,,79,580,18,2,97
91WN01291, 91101428,91,10,S1428,2,18,07,011,1,1,1,1,2.0,2,2,3,88,138,6,113,86,541, 0, 0, 0, 0, 58,r-4,,,,1,,0,150,975,,,,3,982619,19,9828,19,,76,516,12,1,82
91WN01292, 91101429,91,10,S1429,2,18,42,004,2,2,5,6,3.0,3,3,3,88,136,3,83,67,432, 0, 0, 0, 0, 47,,,,,1,,0,160,943,93,,281,3,065310,10,9223,19,,60,493,12,3,75
91WN01293, 91101430,91,10,S1430,3,18,42,004,2,2,5,4,3.0,3,3,3,88,136,5,112,72,447, 0, 0, 0, 0, 50,,,,,1,,0,160,943,93,,321,3,065310,10,9223,19,,65,456,12,H,0
91WN01294, 91101432,91,10,S1432,3,18,07,012,3,2,8,5,4.0,4,4,3,88,136,3,83,80,527, 0, 0, 0, 0, 57,,,,,1,,0,177,1078,93,,321,3,985019,19,7788,19,,72,567,11,H,0
91WN01295, 91101433,91,10,S1433,2,18,07,012,3,2,8,5,4.0,4,4,3,88,136,3,77,72,473, 0, 0, 0, 0, 47,r-5,,,,1,,0,177,1078,,,,3,985019,19,7788,19,,64,521,11,1,74
91WN01296, 91101434,91,10,S1434,2,18,07,007,2,2,5,5,2.0,2,2,1,89,129,15,94,77,524,10, 0, 0,+, 59,r-1,,,2,1,1,0,167,1183,,,,,970019,19,0129,10,,72,589,18,1,81
91WN01297, 91101435,91,10,S1435,2,18,07,007,2,2,5,5,2.0,2,2,1,89,129,22,103,81,548,10, 0, 0, 0, 64,PPL,,,1,3,1,0,167,1183,93,06,256,,970019,19,0129,10,,76,612,18,5,85
91WN01298, 91101436,91,10,S1436,2,18,42,004,1,1,1,1,2.0,2,2,1,89,129,26,105,84,570, 8, 0, 0,+, 69,r-5,,,1,1,1,0,150,952,,,,,065310,10,0128,10,,79,557,12,1,94
91WN01299, 91101437,91,10,S1437,2,18,07,015,2,2,5,5,3.0,3,3,3,89,135,14,89,75,490, 0, 0, 0, 0, 51,r-1,,,,1,,0,175,1178,,,,3,997519,19,8747,19,,68,536,11,1,70
91WN01300, 91101438,91,10,S1438,1,18,07,015,2,2,5,5,3.0,3,3,3,89,135,15,96,80,521, 0, 0, 0, 0, 57,,,,,1,,0,175,1178,93,,266,3,997519,19,8747,19,,72,526,11,3,85
91WN01301, 91101439,91,10,S1439,3,18,42,004,1,1,1,1,4.0,4,4,1,89,129,33,78,75,521, 7, 0, 0, 0, 61,,,,2,1,1,0,152,968,93,,321,,065310,10,8134,19,,70,465,11,*,89
91WN01302, 91101440,91,10,S1440,3,18,07,009,1,1,1,1,5.0,5,4,1,89,129,11,88,76,521, 8, 0, 0, 0, 62,,,,2,1,2,0,117,640,93,,321,,978119,19,7496,19,,71,467,12,H,0
91WN01303, 91101441,91,10,S1441,2,18,42,001,3,1,7,2,7.0,7,5,1,89,129,6,80,90,636, 9, 0, 0,?, 66,r-2,,,1,1,1,0,189,1023,,,,,062110,10,5750,19,,84,648,12,1,94
91WN01304, 91101443,91,10,S1443,2,18,42,001,3,2,8,4,7.0,7,5,3,89,137,12,92,57,349, 0, 0, 0, 0, 35,,,,,1,,0,189,1023,93,,281,,062110,10,5750,19,,51,390,12,3,62
91WN01305, 91101444,91,10,S1444,1,18,07,007,2,2,5,5,3.0,3,3,1,89,129,35,93,67,447, 8, 0, 0, 0, 54,,,,2,1,2,0,160,992,93,,266,,970019,19,9056,19,,63,465,18,3,80
91WN01306, 91101445,91,10,S1445,2,18,07,007,2,2,5,5,3.0,3,3,1,89,129,3,103,62,401, 8, 0, 0, 0, 44,038,,,1,1,1,0,160,992,92,95,262,,970019,19,9056,19,,58,463,18,2,71
91WN01307, 91101446,91,10,S1446,3,18,07,006,1,1,1,1,5.0,5,4,1,89,129,19,108,87,591, 8, 0, 0, 0, 68,,,,5,1,1,0,162,803,93,,321,,966019,19,6894,19,,82,536,18,H,0
91WN01308, 91101447,91,10,S1447,1,18,07,015,2,2,5,5,5.0,5,4,1,89,129,35,104,70,462,13, 0, 0, 0, 57,,,,1,1,1,0,206,1146,93,,266,,997519,19,7030,19,,66,480,18,3,84
91WN01309, 91101448,91,10,S1448,1,18,07,015,2,2,5,5,5.0,5,4,1,89,129,1,118,76,498,12, 0, 0, 0, 62,,,,1,1,3,0,206,1146,93,16,266,,997519,19,7030,19,,72,520,18,3,80
91WN01310, 91101449,91,10,S1449,2,18,42,001,1,1,1,1,3.0,3,3,1,89,129,8,114,80,532, 8, 0, 0,+, 66,r-3,,,1,1,1,0,132,781,,21,,,062110,10,8791,19,,75,518,12,1,90
91WN01311, 91101450,91,10,S1450,3,18,07,008,2,2,5,4,3.0,3,3,3,89,137,1,111,86,547, 0, 0, 0, 0, 59,,,,,1,,0,175,1221,93,,281,3,973619,19,9064,19,,77,557,18,3,88
91WN01312, 91101451,91,10,S1451,2,18,07,008,2,2,5,6,3.0,3,3,3,89,137,1,92,86,561, 0, 0, 0,+, 58,r-4,,,,1,,0,175,1221,,,,3,973619,19,9064,19,,76,623,18,1,81
91WN01313, 91101452,91,10,S1452,2,18,07,002,1,1,1,1,2.0,2,2,3,89,137,13,117,91,579, 0, 0, 0, 0, 64,r-5,,,,1,,0,150,992,,,,3,004310,10,9748,19,,81,553,11,1,89
91WN01314, 91101453,91,10,S1453,2,18,42,003,1,1,1,1,6.0,6,4,3,89,137,8,91,79,510, 0, 0, 0, 0, 55,r-3,,,,1,,0,147,965,,95,,3,068010,10,6670,19,,70,481,18,1,83
91WN01315, 91101454,91,10,S1454,3,18,07,006,2,2,5,5,2.0,2,2,3,89,84,0,83,24,187, 0, 0, 0, 0, 24,,,,,1,,0,184,996,10,,217,3,966019,19,9685,19,,31,,11,6,0
91WN01316, 91101455,91,10,S1455,3,18,07,006,2,2,5,5,2.0,2,2,3,89,135,14,93,76,494, 0, 0, 0, 0, 52,,,,,1,,0,184,996,93,,350,3,966019,19,9685,19,,69,536,11,H,0
91WN01317, 91101456,91,10,S1456,2,18,07,014,2,2,5,5,3.0,3,3,3,89,136,2,87,75,488, 0, 0, 0, 0, 50,r-5,,,,1,,0,146,890,,,,3,994119,19,9277,19,,67,536,11,1,75
91WN01318, 91101457,91,10,S1457,3,18,07,014,2,2,5,5,3.0,3,3,3,89,136,1,91,75,485, 0, 0, 0, 0, 50,,,,,1,,0,146,890,93,18,321,3,994119,19,9277,19,,67,525,11,H,0
91WN01319, 91101458,91,10,S1458,2,18,07,006,2,2,5,5,4.0,4,4,3,89,137,6,107,91,586, 0, 0, 0, 0, 62,r-1,,,,1,,0,164,1085,,,,3,966019,19,8218,19,,81,634,11,1,92
91WN01320, 91101459,91,10,S1459,2,18,07,006,2,2,5,5,4.0,4,4,3,89,137,6,110,90,577, 0, 0, 0, 0, 58,r-2,,,,1,,0,164,1085,,,,3,966019,19,8218,19,,80,625,11,1,92
91WN01321, 91101460,91,10,S1460,3,18,42,003,2,2,5,6,3.0,3,3,3,89,135,20,85,75,493, 0, 0, 0, 0, 50,,,,,1,,0,146,841,93,,281,3,068010,10,8811,19,,68,551,12,3,86
91WN01322, 91101461,91,10,S1461,3,18,42,003,2,2,5,4,3.0,3,3,3,89,135,20,109,83,534, 0, 0, 0, 0, 55,,,,,1,,0,146,841,93,,321,3,068010,10,8811,19,,75,541,12,H,0
91WN01323, 91101462,91,10,S1462,2,18,07,013,2,1,3,2,5.0,5,4,3,89,135,16,89,77,504, 0, 0, 0, 0, 51,r-3,,,,1,,0,162,856,,,,3,990819,19,7252,19,,69,491,12,1,82
91WN01324, 91101464,91,10,S1464,3,18,07,010,2,2,5,6,5.0,5,4,3,89,137,12,74,76,501, 0, 0, 0, 0, 50,,,,,1,,0,151,978,93,,281,3,980719,19,7283,19,,67,561,11,3,80
91WN01325, 91101466,91,10,S1466,3,18,07,010,2,2,5,5,2.0,2,2,3,89,137,12,83,73,472, 0, 0, 0, 0, 48,,,,,1,,0,184,1186,93,,281,3,980719,19,9930,19,,65,515,18,3,76
91WN01326, 91101467,91,10,S1467,2,18,07,010,2,2,5,5,2.0,2,2,3,89,137,12,75,72,471, 0, 0, 0, 0, 45,r-1,,,,1,,0,184,1186,,,,3,980719,19,9930,19,,64,521,18,1,73
91WN01327, 91101468,91,10,S1468,2,18,07,008,2,2,5,5,4.0,4,4,3,89,135,13,75,71,470, 0, 0, 0, 0, 46,,,,,1,,0,152,896,93,,281,3,973619,19,7858,19,,64,516,18,3,73
91WN01328, 91101469,91,10,S1469,2,18,07,008,2,2,5,5,4.0,4,4,3,89,135,13,73,71,472, 0, 0, 0, 0, 46,,,,,1,,0,152,896,93,,281,3,973619,19,7858,19,,64,518,18,3,73
91WN01329, 91101470,91,10,S1470,2,18,07,010,1,1,1,1,6.0,6,4,3,89,135,5,113,84,539, 0, 0, 0, 0, 56,r-1,,,,1,,0,127,865,,,,3,980719,19,6692,19,,76,510,11,1,90
91WN01330, 91101471,91,10,S1471,3,18,07,015,2,2,5,5,5.0,5,4,1,89,129,11,81,72,495,11, 0, 0, 0, 53,,,,2,1,1,0,173,1144,93,,321,,997519,19,7070,19,,68,549,11,*,78
91WN01331, 91101472,91,10,S1472,1,18,07,015,2,2,5,5,5.0,5,4,1,89,129,33,94,71,478,12, 0, 0, 0, 56,,,,2,1,1,0,173,1144,93,,266,,997519,19,7070,19,,67,496,11,3,81
91WN01332, 91101473,91,10,S1473,1,18,07,008,2,2,5,5,3.0,3,3,3,89,137,6,105,73,456, 0, 0, 0, 0, 46,,,,,1,,0,175,1120,93,,266,3,973619,19,8960,19,,65,462,12,3,74
91WN01333, 91101474,91,10,S1474,2,18,07,008,2,2,5,5,3.0,3,3,3,89,137,6,107,74,462, 0, 0, 0,+, 48,r-2,,,,1,,0,175,1120,,,,3,973619,19,8960,19,,66,509,12,1,73
91WN01334, 91101475,91,10,S1475,1,18,07,012,2,2,5,5,4.0,4,4,3,89,135,19,120,92,593, 0, 0, 0, 0, 57,,,,,1,,0,177,1214,,,,3,985019,19,8005,19,,83,598,11,1,90
91WN01335, 91101476,91,10,S1476,1,18,07,012,2,2,5,5,4.0,4,4,3,89,135,20,108,92,601, 0, 0, 0, 0, 61,,,,,1,,0,177,1214,,,,3,985019,19,8005,19,,83,606,11,1,93
91WN01336, 91101478,91,10,S1478,3,18,07,015,2,1,3,2,2.0,2,2,3,89,136,19,81,78,514, 0, 0, 0, 0, 57,,,,,1,,0,184,1075,93,,281,3,997519,19,9803,19,,70,497,18,3,81
91WN01337, 91101479,91,10,S1479,2,18,07,011,2,2,5,5,2.0,2,2,1,89,129,17,81,69,472, 8, 0, 0, 0, 53,035,,,2,1,1,0,167,911,93,95,281,,982619,19,9722,19,,65,537,11,2,86
91WN01338, 91101480,91,10,S1480,3,18,07,011,2,2,5,5,2.0,2,2,1,89,129,12,78,70,482,10, 0, 0, 0, 50,,,,2,1,1,0,167,911,93,,321,,982619,19,9722,19,,66,539,11,H,0
91WN01339, 91101481,91,10,S1481,2,18,42,001,2,2,5,5,5.0,5,4,1,89,129,22,98,68,451, 7, 0, 0,+, 50,r-2,,,2,1,1,0,173,1119,,,,,062110,10,7395,19,,64,511,11,1,82
91WN01340, 91101482,91,10,S1482,2,18,42,001,2,2,5,5,5.0,5,4,1,89,129,19,110,69,450, 8, 0, 0,+, 51,r-3,,,2,1,1,0,173,1119,,95,,,062110,10,7395,19,,65,511,11,1,79
91WN01341, 91101483,91,10,S1483,3,18,42,001,2,2,5,4,6.0,6,4,1,89,129,15,112,59,371, 8, 0, 0, 0, 48,,,,2,1,1,0,187,987,93,16,350,,062110,10,6328,19,,56,394,11,*,73
91WN01342, 91101484,91,10,S1484,2,18,42,001,2,2,5,6,6.0,6,4,1,89,129,8,93,53,339, 9, 0, 0, 0, 41,,,,1,1,1,0,187,987,93,16,281,,062110,10,6328,19,,50,415,11,3,60
91WN01343, 91101485,91,10,S1485,2,18,42,004,2,1,3,2,3.0,3,3,3,89,135,8,98,76,490, 0, 0, 0,+, 60,r-5,,,,1,,0,189,958,,,,3,065310,10,8872,19,,69,477,12,1,81
91WN01344, 91101488,91,10,S1488,2,18,07,010,2,1,3,2,6.0,6,4,3,89,84,0,84,47,460, 0, 0, 0, 0, 47,,,,,1,,0,167,1174,97,,227,3,980719,19,6308,19,,64,,18,7,0
91WN01345, 91101489,91,10,S1489,2,18,07,015,2,1,3,2,4.0,4,4,3,90,135,18,68,68,453, 0, 0, 0, 0, 44,,,,,1,,0,152,772,93,79,281,3,997519,19,7854,19,,61,439,12,3,66
91WN01346, 91101491,91,10,S1491,2,18,07,008,2,2,5,5,4.0,4,4,1,90,128,1,93,87,607, 9, 0, 0,+, 64,r-3,,,1,1,1,0,152,1021,,,,,973619,19,8344,19,,82,670,11,1,101
91WN01347, 91101492,91,10,S1492,1,18,07,008,2,2,5,5,4.0,4,4,1,90,128,15,102,88,608,10, 0, 0, 0, 70,,,,1,1,1,0,152,1021,,,,,973619,19,8344,19,,83,628,11,1,99
91WN01348, 91101493,91,10,S1493,2,18,07,010,2,2,5,5,5.0,5,4,3,90,136,6,103,87,564, 0, 0, 0, 0, 52,r-3,,,,1,,0,184,1064,,95,,3,980719,19,7188,19,,78,611,12,1,94
91WN01349, 91101494,91,10,S1494,1,18,07,010,2,2,5,5,5.0,5,4,3,90,136,5,106,104,687, 0, 0, 0, 0, 64,,,,,1,,0,184,1064,,,,3,980719,19,7188,19,,93,694,12,1,104
91WN01350, 91101495,91,10,S1495,1,18,07,008,2,2,5,5,7.0,7,5,1,90,128,28,107,72,479,11, 0, 0, 0, 58,,,,1,1,1,0,135,831,93,,266,,973619,19,6106,19,,68,507,12,3,74
91WN01351, 91101496,91,10,S1496,1,18,07,008,2,2,5,5,7.0,7,5,1,90,128,15,121,87,585, 6, 0, 0, 0, 62,,,,2,1,2,0,135,831,93,,266,,973619,19,6106,19,,82,614,12,3,89
91WN01352, 91101497,91,10,S1497,1,18,07,010,2,2,5,4,3.0,3,3,1,90,128,11,100,90,625, 8, 0, 0, 0, 68,,,,2,1,1,0,189,1349,,95,,,980719,19,9012,19,,85,641,11,1,98
91WN01353, 91101498,91,10,S1498,2,18,07,010,2,2,5,6,3.0,3,3,1,90,128,23,84,69,473, 8, 0, 0, 0, 55,036,,,1,1,1,0,189,1349,92,95,262,,980719,19,9012,19,,65,546,11,2,80
91WN01354, 91101499,91,10,S1499,2,18,42,004,3,2,8,5,5.0,5,4,1,90,128,8,96,70,472, 6, 0, 0,+, 56,r-4,,,2,1,1,0,173,1197,,,,,065310,10,7426,19,,66,534,11,1,84
91WN01355, 91101500,91,10,S1500,2,18,42,004,3,1,7,2,5.0,5,4,1,90,128,13,85,81,566, 8, 0, 0,+, 64,r-3,,,1,1,1,0,173,1197,,,,,065310,10,7426,19,,76,568,11,1,90
91WN01356, 91101501,91,10,S1501,1,18,42,004,3,2,8,5,5.0,5,4,1,90,128,19,100,82,563, 7, 0, 0, 0, 59,,,,2,1,6,0,173,1197,93,,266,,065310,10,7426,19,,78,583,11,3,86
91WN01357, 91101502,91,10,S1502,3,18,07,005,1,1,1,1,2.0,2,2,1,90,128,22,102,83,569,10, 0, 0, 0, 64,,,,1,1,1,0,150,964,93,,321,,962319,19,9677,19,,78,517,18,H,0
91WN01358, 91101503,91,10,S1503,3,18,42,001,2,2,5,5,5.0,5,4,1,90,128,29,115,78,520, 9, 0, 0, 0, 70,,,,2,3,1,0,173,1089,93,06,321,,062110,10,7127,19,,74,571,18,*,96
91WN01359, 91101504,91,10,S1504,1,18,42,001,2,2,5,5,5.0,5,4,1,90,128,32,124,86,575,13, 0, 0, 0, 66,,,,2,1,1,0,173,1089,,,,,062110,10,7127,19,,81,593,18,1,100
91WN01360, 91101505,91,10,S1505,2,18,07,005,2,2,5,5,2.0,2,2,1,90,128,13,73,69,482, 7, 0, 0, 0, 53,PPL,,,1,1,1,0,167,1105,93,02,256,,962319,19,0138,10,,65,547,11,5,85
91WN01361, 91101506,91,10,S1506,2,18,07,005,2,2,5,5,2.0,2,2,1,90,128,4,68,64,447, 9, 0, 0, 0, 44,036,,,1,1,1,0,167,1105,92,,262,,962319,19,0138,10,,60,513,11,2,81
91WN01362, 91101508,91,10,S1508,1,18,07,011,3,1,7,2,7.0,7,5,1,90,128,13,93,101,716, 8, 0, 0, 0, 72,,,,2,1,2,0,189,1139,,,,,982619,19,5423,19,,95,645,12,1,107
91WN01363, 91101511,91,10,S1511,2,18,07,006,3,1,7,2,4.0,4,4,1,90,128,4,74,75,528, 6, 0, 0, 0, 56,r-5,,,2,1,1,0,177,919,,,,,966019,19,8476,19,,71,531,12,1,83
91WN01364, 91101513,91,10,S1513,2,18,07,014,1,1,1,1,2.0,2,2,1,90,128,25,120,85,570, 9, 0, 0, 0, 66,r-4,,,2,1,1,0,150,989,,,,,994119,19,0058,10,,80,557,12,1,96
91WN01365, 91101514,91,10,S1514,2,18,07,010,2,1,3,2,7.0,7,5,1,90,128,11,72,75,530, 7, 0, 0, 0, 57,r-2,,,1,1,1,0,180,1032,,,,,980719,19,5807,19,,71,541,18,1,87
91WN01366, 91101516,91,10,S1516,2,18,07,012,3,2,8,5,5.0,5,4,3,90,136,1,94,90,593, 0, 0, 0, 0, 58,r-1,,,,1,,0,217,1338,,,,3,985019,19,7139,19,,81,641,18,1,95
91WN01367, 91101517,91,10,S1517,1,18,07,012,3,2,8,5,5.0,5,4,3,90,136,2,88,92,612, 0, 0, 0, 0, 58,,,,,1,,0,217,1338,,,,3,985019,19,7139,19,,82,619,18,1,95
91WN01368, 91101518,91,10,S1518,2,18,07,012,3,1,7,2,5.0,5,4,1,90,128,16,93,86,599, 6, 0, 0, 0, 72,r-3,,,1,1,1,0,217,1338,,,,3,985019,19,7139,19,,81,601,18,1,96
91WN01369, 91101520,91,10,S1520,1,18,07,008,3,2,8,5,4.0,4,4,3,90,136,1,92,52,315, 0, 0, 0, 0, 43,,,,,1,,0,214,1284,93,,266,3,973619,19,7849,19,,47,,18,3,61
91WN01370, 91101521,91,10,S1521,2,18,07,008,3,2,8,5,4.0,4,4,3,90,136,10,83,100,674, 0, 0, 0,+, 66,r-4,,,,1,,0,214,1284,,,,3,973619,19,7849,19,,89,721,18,1,103
91WN01371, 91101522,91,10,S1522,2,18,07,015,2,2,5,3,3.0,3,3,3,90,135,15,102,76,487, 0, 0, 0, 0, 54,r-4,,,,1,,0,175,1041,,,,3,997519,19,8660,19,,69,518,18,1,77
91WN01372, 91101523,91,10,S1523,2,18,07,015,2,2,5,7,3.0,3,3,3,90,135,14,70,66,437, 0, 0, 0, 0, 42,,,,,1,,0,175,1041,93,,281,3,997519,19,8660,19,,59,497,18,3,65
91WN01373, 91101524,91,10,S1524,1,18,07,010,1,1,1,1,4.0,4,4,3,90,136,2,144,135,887, 0, 0, 0, 0, 91,,,,,1,,0,177,1217,,95,,3,980719,19,8312,19,,121,743,11,1,130
91WN01374, 91101525,91,10,S1525,3,18,42,004,1,1,1,1,2.0,2,2,3,90,135,17,118,98,639, 0, 0, 0, 0, 75,,,,,1,,0,150,1001,93,,281,3,065310,10,9928,19,,88,573,11,3,100
91WN01375, 91101526,91,10,S1526,1,18,07,015,2,2,5,5,3.0,3,3,3,90,134,4,109,83,538, 0, 0, 0, 0, 52,,,,,1,,0,189,1191,93,,266,3,997519,19,9097,19,,75,544,12,3,82
91WN01376, 91101527,91,10,S1527,1,18,07,015,2,2,5,5,3.0,3,3,3,90,134,4,103,88,580, 0, 0, 0, 0, 57,,,,,1,,0,189,1191,,,,3,997519,19,9097,19,,80,586,12,1,88
91WN01377, 91101528,91,10,S1528,2,18,07,012,1,1,1,1,3.0,3,3,3,90,135,6,108,81,520, 0, 0, 0, 0, 60,r-2,,,,1,,0,132,802,,,,3,985019,19,9083,19,,73,491,12,1,78
91WN01378, 91101529,91,10,S1529,3,18,07,005,1,1,1,1,2.0,2,2,3,90,136,8,108,96,626, 0, 0, 0, 0, 68,,,,,1,,0,150,964,93,,281,3,962319,19,0105,10,,86,561,18,3,98
91WN01379, 91101530,91,10,S1530,2,18,07,002,2,2,5,4,3.0,3,3,3,90,134,10,112,85,551, 0, 0, 0, 0, 60,r-1,,,,1,,0,160,973,,95,,3,004310,10,9305,19,,77,582,11,1,85
91WN01380, 91101531,91,10,S1531,2,18,07,002,2,2,5,6,3.0,3,3,3,90,134,10,90,88,590, 0, 0, 0, 0, 60,r-4,,,,1,,0,160,973,,,,3,004310,10,9305,19,,80,650,11,1,87
91WN01381, 91101532,91,10,S1532,2,18,07,011,2,2,5,5,4.0,4,4,1,90,128,29,103,84,576, 8, 0, 0, 0, 66,r-4,,,2,1,1,0,152,1083,,,,,982619,19,7969,19,,79,635,11,1,96
91WN01382, 91101533,91,10,S1533,2,18,07,011,2,2,5,5,4.0,4,4,1,90,128,8,96,81,558, 8, 0, 0, 0, 62,r-2,,,2,1,1,0,152,1083,,95,,,982619,19,7969,19,,77,620,11,1,90
91WN01383, 91101536,91,10,S1536,1,18,07,010,3,1,7,2,2.0,2,2,1,90,128,4,88,95,673, 7, 0, 0, 0, 68,,,,2,1,1,0,200,969,,,,,980719,19,9837,19,,90,597,11,1,108
91WN01384, 91101537,91,10,S1537,3,18,07,015,1,1,1,1,4.0,4,4,1,90,128,8,117,94,643, 9, 0, 0, 0, 75,,,,2,1,3,0,152,980,93,,281,,997519,19,8176,19,,89,590,12,3,107
91WN01385, 91101538,91,10,S1538,2,18,07,008,2,2,5,5,2.0,2,2,3,90,134,10,94,80,527, 0, 0, 0,+, 55,r-5,,,,1,,0,167,1151,,,,3,973619,19,0148,10,,73,577,18,1,77
91WN01386, 91101539,91,10,S1539,2,18,07,008,2,2,5,5,2.0,2,2,3,90,134,10,104,81,527, 0, 0, 0, 0, 60,,,,,1,,0,167,1151,93,02,281,3,973619,19,0148,10,,74,577,18,3,78
91WN01387, 91101540,91,10,S1540,1,18,07,002,2,2,5,5,3.0,3,3,3,90,135,19,108,87,564, 0, 0, 0, 0, 56,,,,,1,,0,175,1046,93,,266,3,004310,10,8794,19,,79,568,12,3,90
91WN01388, 91101541,91,10,S1541,1,18,07,002,2,2,5,5,3.0,3,3,3,90,135,18,120,88,563, 0, 0, 0, 0, 55,,,,,1,,0,175,1046,,,,3,004310,10,8794,19,,80,568,12,1,87
91WN01389, 91101544,91,10,S1544,3,18,42,001,3,1,7,2,3.0,3,3,1,90,128,5,88,96,681, 8, 0, 0, 0, 71,,,,2,1,4,0,189,1174,93,,281,,062110,10,8800,19,,91,677,18,3,105
91WN01390, 91101546,91,10,S1546,2,18,42,001,3,1,7,2,3.0,3,3,1,90,128,21,97,85,588, 8, 0, 0, 0, 72,035,,,2,1,4,0,189,1174,93,95,281,,062110,10,8800,19,,80,589,18,2,99
91WN01391, 91101548,91,10,S1548,3,18,07,006,2,2,5,5,3.0,3,3,3,90,136,14,97,70,443, 0, 0, 0, 0, 51,,,,,1,,0,160,1073,93,,281,3,966019,19,8915,19,,63,481,12,3,69
91WN01392, 91101549,91,10,S1549,3,18,07,006,2,2,5,5,3.0,3,3,3,90,136,13,106,78,496, 0, 0, 0, 0, 50,,,,,1,,0,160,1073,93,95,321,3,966019,19,8915,19,,70,534,12,H,0
91WN01393, 91101550,91,10,S1550,3,18,42,003,2,2,5,4,2.0,2,2,3,90,83,0,93,46,442, 0, 0, 0, 0, 46,,,,,1,,0,150,892,97,,227,3,068010,10,9899,19,,62,,12,7,0
91WN01394, 91101551,91,10,S1551,2,18,42,003,2,2,5,6,2.0,2,2,3,90,134,2,72,72,484, 0, 0, 0, 0, 46,r-2,,,,1,,0,150,892,,,,3,068010,10,9899,19,,65,549,12,1,80
91WN01395, 91101552,91,10,S1552,3,18,07,006,2,2,5,5,3.0,3,3,3,90,136,10,106,96,628, 0, 0, 0, 0, 64,,,,,1,,0,160,1193,93,,281,3,966019,19,8959,19,,86,667,11,3,100
91WN01396, 91101553,91,10,S1553,3,18,07,006,2,2,5,5,3.0,3,3,3,90,136,8,102,95,624, 0, 0, 0, 0, 58,,,,,1,,0,160,1193,93,,281,3,966019,19,8959,19,,85,663,11,3,98
91WN01397, 91101554,91,10,S1554,3,18,07,012,2,2,5,5,4.0,4,4,3,90,136,1,93,72,461, 0, 0, 0, 0, 61,,,,,1,,0,164,866,93,,281,3,985019,19,8152,19,,65,,12,3,81
91WN01398, 91101555,91,10,S1555,3,18,07,012,2,2,5,5,4.0,4,4,3,90,136,13,91,74,477, 0, 0, 0, 0, 55,,,,,1,,0,164,866,93,21,281,3,985019,19,8152,19,,66,516,12,3,82
91WN01399, 91101556,91,10,S1556,2,18,07,015,2,2,5,5,2.0,2,2,1,90,128,18,86,71,488, 9, 0, 0, 0, 55,r-1,,,2,1,1,0,167,1153,,,,,997519,19,9875,19,,67,552,12,1,85
91WN01400, 91101557,91,10,S1557,3,18,07,015,2,2,5,5,2.0,2,2,1,90,128,17,90,74,508,10, 0, 0, 0, 57,Rum,,,1,1,1,0,167,1153,,21,,,997519,19,9875,19,,70,565,12,9,84
91WN01401, 91101558,91,10,S1558,3,18,07,013,2,2,5,5,5.0,5,4,1,91,127,25,112,67,439,13, 0, 0, 0, 55,,,,2,1,1,0,151,981,93,21,321,,990819,19,7551,19,,64,491,12,*,81
91WN01402, 91101559,91,10,S1559,2,18,07,013,2,2,5,5,5.0,5,4,1,91,127,28,107,70,467, 9, 0, 0, 0, 54,036,,,2,1,1,0,151,981,92,,262,,990819,19,7551,19,,67,526,12,2,80
91WN01403, 91101560,91,10,S1560,1,18,07,007,2,2,5,5,3.0,3,3,1,91,127,26,106,72,483,12, 0, 0, 0, 57,,,,1,1,2,0,160,1090,93,39,266,,970019,19,9430,19,,69,501,11,3,81
91WN01404, 91101561,91,10,S1561,3,18,07,007,2,2,5,5,3.0,3,3,1,91,127,16,100,85,591,13, 0, 0, 0, 67,,,,2,1,1,0,160,1090,93,16,321,,970019,19,9430,19,,81,644,11,H,0
91WN01405, 91101562,91,10,S1562,2,18,07,014,2,1,3,2,2.0,2,2,3,91,135,14,110,77,489, 0, 0, 0, 0, 50,r-3,,,,1,,0,150,758,,,,3,994119,19,9862,19,,70,480,12,1,78
91WN01406, 91101565,91,10,S1565,3,18,07,012,3,2,8,5,5.0,5,4,3,91,134,6,99,70,449, 0, 0, 0, 0, 54,,,,,1,,0,184,791,93,,281,3,985019,19,7522,19,,64,488,12,3,66
91WN01407, 91101566,91,10,S1566,2,18,07,012,3,2,8,5,5.0,5,4,3,91,134,4,90,70,455, 0, 0, 0, 0, 46,,,,,1,,0,184,791,93,,281,3,985019,19,7522,19,,64,502,12,3,63
91WN01408, 91101567,91,10,S1567,2,18,42,001,2,2,5,5,2.0,2,2,3,91,135,1,94,59,367, 0, 0, 0, 0, 48,,,,,1,,0,167,1059,93,95,281,3,062110,10,9809,19,,53,,18,3,68
91WN01409, 91101568,91,10,S1568,2,18,42,001,2,2,5,5,2.0,2,2,3,91,135,1,92,62,391, 0, 0, 0, 0, 50,,,,,1,,0,167,1059,93,95,281,3,062110,10,9809,19,,56,,18,3,70
91WN01410, 91101569,91,10,S1569,2,18,07,011,2,2,5,5,2.0,2,2,1,91,82,0,84,50,507, 0, 0, 0, 0, 50,,,,,1,,0,167,1123,97,,227,,982619,19,0023,10,,69,,11,7,0
91WN01411, 91101570,91,10,S1570,2,18,07,011,2,2,5,5,2.0,2,2,1,91,127,1,92,76,526, 0, 0, 0, 0, 55,036,,,,1,,0,167,1123,92,,262,,982619,19,0023,10,,72,,11,2,82
91WN01412, 91101571,91,10,S1571,2,18,42,003,1,1,1,1,4.0,4,4,3,91,133,7,125,94,613, 0, 0, 0, 0, 71,r-2,,,,1,,0,152,958,,,,3,068010,10,8416,19,,86,583,18,1,97
91WN01413, 91101572,91,10,S1572,1,18,07,009,2,2,5,5,4.0,4,4,1,91,127,17,108,83,569, 6, 0, 0, 0, 61,,,,1,1,1,0,164,1121,,,,,978119,19,7864,19,,79,589,18,1,89
91WN01414, 91101573,91,10,S1573,2,18,07,009,2,2,5,5,4.0,4,4,1,91,127,25,112,83,565, 6, 0, 0, 0, 63,r-2,,,2,1,2,0,164,1121,,,,,978119,19,7864,19,,79,625,18,1,99
91WN01415, 91101575,91,10,S1575,2,18,07,006,2,1,3,2,3.0,3,3,7,91,135,1,88,100,676, 0, 0, 0, 0,  0,r-4,,,,1,,,189,1022,,,,7,966019,19,8670,19,,90,,11,1,105
91WN01416, 91101576,91,10,S1576,2,18,42,003,2,2,5,5,2.0,2,2,3,91,134,6,89,71,463, 0, 0, 0, 0, 53,,,,,1,,0,167,1082,93,95,281,3,068010,10,9954,19,,65,514,11,3,66
91WN01417, 91101577,91,10,S1577,2,18,42,003,2,2,5,5,2.0,2,2,3,91,134,4,93,64,408, 0, 0, 0, 0, 44,,,,,1,,0,167,1082,93,95,281,3,068010,10,9954,19,,58,459,11,3,67
91WN01418, 91101578,91,10,S1578,1,18,42,001,2,2,5,5,5.0,5,4,1,91,127,29,96,77,531, 8, 0, 0, 0, 62,,,,2,1,3,0,151,1048,93,95,266,,062110,10,7369,19,,73,549,12,3,77
91WN01419, 91101579,91,10,S1579,2,18,42,001,2,2,5,5,5.0,5,4,1,91,127,3,104,74,501, 8, 0, 0,+, 58,r-5,,,1,1,1,0,151,1048,,95,,,062110,10,7369,19,,70,563,12,1,81
91WN01420, 91101580,91,10,S1580,1,18,07,011,1,1,1,1,4.0,4,4,1,91,127,3,122,111,778, 8, 0, 0, 0, 84,,,,1,1,2,0,152,844,,95,,,982619,19,8151,19,,106,648,12,1,113
91WN01421, 91101581,91,10,S1581,3,18,42,003,2,2,5,5,7.0,7,5,1,91,127,8,83,65,446, 8, 0, 0, 0, 51,,,,1,1,1,0,153,996,93,,321,,068010,10,5952,19,,62,509,12,*,75
91WN01422, 91101582,91,10,S1582,2,18,42,003,2,2,5,5,7.0,7,5,1,91,127,15,88,65,443,10, 0, 0, 0, 46,037,,,1,1,1,0,153,996,92,,262,,068010,10,5952,19,,62,513,12,2,76
91WN01423, 91101583,91,10,S1583,1,18,07,010,2,1,3,2,3.0,3,3,1,91,127,22,114,99,690, 8, 0, 0, 0, 77,,,,1,1,1,0,189,941,,95,,,980719,19,8711,19,,94,608,11,1,103
91WN01424, 91101585,91,10,S1585,3,18,07,005,2,2,5,5,7.0,7,5,1,91,127,12,120,72,472,11, 0, 0, 0, 50,,,,2,1,1,0,162,1024,93,,321,,962319,19,6016,19,,69,535,12,H,0
91WN01425, 91101586,91,10,S1586,3,18,07,005,2,2,5,5,7.0,7,5,1,91,127,12,107,71,475,11, 0, 0, 0, 58,,,,2,1,3,0,162,1024,93,,321,,962319,19,6016,19,,68,538,12,*,78
91WN01426, 91101587,91,10,S1587,2,18,07,012,2,2,5,7,2.0,2,2,3,91,134,6,64,70,475, 0, 0, 0, 0, 48,,,,,1,,0,167,1170,93,,281,3,985019,19,9791,19,,63,539,18,3,68
91WN01427, 91101588,91,10,S1588,3,18,07,012,2,2,5,3,2.0,2,2,3,91,134,6,100,84,552, 0, 0, 0, 0, 61,,,,,1,,0,167,1170,93,,281,3,985019,19,9791,19,,76,564,18,3,81
91WN01428, 91101589,91,10,S1589,2,18,07,013,1,1,1,1,4.0,4,4,3,91,133,4,118,100,663, 0, 0, 0, 0, 67,r-3,,,,1,,0,152,1066,,,,3,990819,19,8147,19,,91,634,18,1,96
91WN01429, 91101590,91,10,S1590,2,18,07,008,2,1,3,2,3.0,3,3,3,91,135,1,82,109,747, 0, 0, 0,+, 77,r-1,,,,1,,0,175,1131,,,,3,973619,19,9449,19,,98,735,11,1,116
91WN01430, 91101593,91,10,S1593,3,18,07,012,2,1,3,2,3.0,3,3,3,91,133,16,99,87,580, 0, 0, 0, 0, 59,,,,,1,,0,175,1061,93,,321,3,985019,19,9216,19,,79,559,11,H,0
91WN01431, 91101594,91,10,S1594,2,18,42,003,2,1,3,2,6.0,6,4,3,91,133,15,103,70,449, 0, 0, 0, 0, 47,,,,,1,,0,157,1005,93,,281,3,068010,10,6342,19,,64,435,12,3,71
91WN01432, 91101596,91,10,S1596,1,18,07,010,1,1,1,1,7.0,7,5,1,91,127,13,112,99,691, 8, 0, 0, 0, 76,,,,2,1,1,0,153,1057,,,,,980719,19,5403,19,,94,569,12,1,104
91WN01433, 91101597,91,10,S1597,1,18,07,008,3,1,7,2,5.0,5,4,1,91,127,34,98,80,553, 8, 0, 0, 0, 61,,,,1,1,1,0,184,1136,93,,266,3,973619,19,7633,19,,76,469,18,3,90
91WN01434, 91101598,91,10,S1598,1,18,07,008,3,2,8,5,5.0,5,4,3,91,135,1,108,78,498, 0, 0, 0, 0, 57,,,,,1,,0,184,1136,93,,266,3,973619,19,7633,19,,71,,18,3,87
91WN01435, 91101599,91,10,S1599,1,18,07,008,3,2,8,5,5.0,5,4,3,91,135,1,101,79,510, 0, 0, 0, 0, 56,,,,,1,,0,184,1136,,,,3,973619,19,7633,19,,71,,18,1,88
91WN01436, 91101600,91,10,S1600,2,18,07,005,2,2,5,5,4.0,4,4,3,91,133,14,89,86,580, 0, 0, 0, 0, 57,r-1,,,,1,,0,152,1059,,,,3,962319,19,7887,19,,78,626,11,1,86
91WN01437, 91101601,91,10,S1601,3,18,07,005,2,2,5,5,4.0,4,4,3,91,82,0,89,48,477, 0, 0, 0, 0, 48,,,,,1,,0,152,1059,10,,217,3,962319,19,7887,19,,66,,11,6,0
91WN01438, 91101603,91,10,S1603,1,18,07,008,2,1,3,2,3.0,3,3,3,91,135,5,119,89,571, 0, 0, 0, 0, 54,,,,,1,,0,160,962,93,,266,3,973619,19,9444,19,,80,476,18,3,90
91WN01439, 91101604,91,10,S1604,2,18,07,009,2,2,5,5,2.0,2,2,3,91,133,14,97,48,288, 0, 0, 0, 0, 33,,,,,1,,0,167,982,93,,281,3,978119,19,9603,19,,44,337,12,3,47
91WN01440, 91101605,91,10,S1605,2,18,07,009,2,2,5,5,2.0,2,2,3,91,133,15,87,59,378, 0, 0, 0, 0, 37,,,,,1,,0,167,982,93,,281,3,978119,19,9603,19,,54,427,12,3,59
91WN01441, 91101606,91,10,S1606,3,18,07,013,1,1,1,1,2.0,2,2,3,91,135,1,108,102,676, 0, 0, 0, 0, 68,,,,,1,,0,134,811,93,,281,3,990819,19,0051,10,,92,612,12,3,102
91WN01442, 91101607,91,10,S1607,2,18,07,011,2,2,5,5,4.0,4,4,1,91,127,6,91,85,598, 8, 0, 0, 0, 63,r-5,,,1,1,1,0,164,1110,,,,,982619,19,8037,19,,81,660,18,1,97
91WN01443, 91101608,91,10,S1608,1,18,07,011,2,2,5,5,4.0,4,4,1,91,127,22,102,60,392, 8, 0, 0, 0, 54,,,,2,1,1,0,164,1110,93,,266,,982619,19,8037,19,,57,411,18,3,71
91WN01444, 91101609,91,10,S1609,3,18,07,002,1,1,1,1,2.0,2,2,3,91,134,1,106,89,585, 0, 0, 0, 0, 63,,,,,1,,0,150,934,93,,281,3,004310,10,9619,19,,81,521,18,3,89
91WN01445, 91101611,91,10,S1611,2,18,07,011,2,1,3,2,6.0,6,4,1,91,127,26,105,77,524, 8, 0, 0, 0, 64,r-3,,,1,1,1,0,187,1162,,,,,982619,19,6128,19,,73,524,11,1,86
91WN01446, 91101612,91,10,S1612,3,18,42,003,3,2,8,5,5.0,5,4,3,91,134,13,103,79,513, 0, 0, 0, 0, 52,,,,,1,,0,206,1188,93,,281,3,068010,10,7601,19,,72,551,18,3,78
91WN01447, 91101613,91,10,S1613,2,18,42,003,3,2,8,5,5.0,5,4,3,91,134,19,95,79,519, 0, 0, 0, 0, 58,r-2,,,,1,,0,206,1188,,,,3,068010,10,7601,19,,72,564,18,1,76
91WN01448, 91101614,91,10,S1614,2,18,42,003,3,2,8,5,5.0,5,4,1,91,127,16,100,80,551, 6, 0, 0, 0, 61,r-3,,,1,1,1,0,206,1188,,21,,3,068010,10,7601,19,,76,612,18,1,89
91WN01449, 91101615,91,10,S1615,3,18,07,015,2,2,5,5,3.0,3,3,3,91,133,20,116,91,597, 0, 0, 0, 0, 59,,,,,1,,0,160,1150,93,,281,3,997519,19,9297,19,,83,634,18,3,93
91WN01450, 91101616,91,10,S1616,3,18,07,015,2,2,5,5,3.0,3,3,3,91,133,19,113,83,539, 0, 0, 0, 0, 60,,,,,1,,0,160,1150,93,,321,3,997519,19,9297,19,,76,576,18,H,0
91WN01451, 91101619,91,10,S1619,3,18,07,015,2,2,5,5,2.0,2,2,3,92,134,5,105,79,511, 0, 0, 0, 0, 53,,,,,1,,0,167,1100,93,,281,3,997519,19,9605,19,,72,554,18,3,79
91WN01452, 91101620,91,10,S1620,3,18,07,015,2,2,5,5,2.0,2,2,3,92,134,5,111,72,454, 0, 0, 0, 0, 48,,,,,1,,0,167,1100,93,,281,3,997519,19,9605,19,,66,497,18,3,76
91WN01453, 91101621,91,10,S1621,2,18,07,002,2,2,5,3,5.0,5,4,3,92,132,15,110,79,515, 0, 0, 0, 0, 57,r-3,,,,1,,0,162,1161,,,,3,004310,10,7123,19,,73,546,11,1,86
91WN01454, 91101622,91,10,S1622,2,18,07,002,2,2,5,7,5.0,5,4,3,92,132,14,65,82,572, 0, 0, 0, 0, 52,r-5,,,,1,,0,162,1161,,16,,3,004310,10,7123,19,,75,631,11,1,84
91WN01455, 91101623,91,10,S1623,3,18,42,001,2,2,5,7,4.0,4,4,1,92,126,28,94,64,433, 8, 0, 0, 0, 53,,,,1,1,1,0,177,1105,93,21,321,,062110,10,8553,19,,61,505,18,*,78
91WN01456, 91101624,91,10,S1624,1,18,42,001,2,2,5,3,4.0,4,4,1,92,126,33,144,87,576, 7, 0, 0, 0, 68,,,,1,1,2,0,177,1105,,,,,062110,10,8553,19,,84,589,18,1,95
91WN01457, 91101625,91,10,S1625,1,18,07,007,2,2,5,4,3.0,3,3,1,92,126,34,81,79,563,12, 0, 0, 0, 57,,,,1,1,2,0,175,1204,,,,,970019,19,9184,19,,76,575,11,1,86
91WN01458, 91101626,91,10,S1626,2,18,07,007,2,2,5,6,3.0,3,3,1,92,126,3,68,62,438, 9, 0, 0, 0, 46,037,,,1,1,1,0,175,1204,92,,262,,970019,19,9184,19,,59,514,11,2,75
91WN01459, 91101627,91,10,S1627,1,18,07,006,2,2,5,5,2.0,2,2,3,92,133,13,109,83,542, 0, 0, 0, 0, 54,,,,,1,,0,167,1105,,,,3,966019,19,9886,19,,76,551,18,1,83
91WN01460, 91101628,91,10,S1628,1,18,07,006,2,2,5,5,2.0,2,2,3,92,133,13,118,78,498, 0, 0, 0, 0, 54,,,,,1,,0,167,1105,93,,266,3,966019,19,9886,19,,72,507,18,3,77
91WN01461, 91101630,91,10,S1630,2,18,42,001,2,1,3,2,4.0,4,4,1,92,126,1,96,85,598, 5, 0, 0,+, 65,r-5,,,1,1,2,0,152,931,,,,,062110,10,8314,19,,81,601,18,1,93
91WN01462, 91101631,91,10,S1631,1,18,07,006,2,2,5,4,5.0,5,4,3,92,132,3,110,75,485, 0, 0, 0, 0, 50,,,,,1,,0,140,696,93,,266,3,966019,19,6919,19,,69,486,12,3,76
91WN01463, 91101632,91,10,S1632,2,18,07,006,2,2,5,6,5.0,5,4,3,92,132,3,94,71,467, 0, 0, 0, 0, 42,r-5,,,,1,,0,140,696,,,,3,966019,19,6919,19,,65,528,12,1,70
91WN01464, 91101633,91,10,S1633,2,18,07,012,2,2,5,5,2.0,2,2,3,92,133,4,92,66,427, 0, 0, 0, 0, 48,,,,,1,,0,184,876,93,,281,3,985019,19,9839,19,,60,478,11,3,68
91WN01465, 91101634,91,10,S1634,2,18,07,012,2,2,5,5,2.0,2,2,3,92,133,6,84,64,418, 0, 0, 0, 0, 46,,,,,1,,0,184,876,93,,281,3,985019,19,9839,19,,59,468,11,3,57
91WN01466, 91101635,91,10,S1635,3,18,07,006,2,2,5,5,4.0,4,4,3,92,132,19,112,88,582, 0, 0, 0, 0, 59,,,,,1,,0,189,1072,93,,281,3,966019,19,7828,19,,81,619,18,3,91
91WN01467, 91101636,91,10,S1636,1,18,07,006,2,2,5,5,4.0,4,4,3,92,132,20,124,96,633, 0, 0, 0, 0, 62,,,,,1,,0,189,1072,,,,3,966019,19,7828,19,,88,637,18,1,98
91WN01468, 91101637,91,10,S1637,2,18,07,007,2,2,5,5,5.0,5,4,1,92,126,11,93,75,521, 8, 0, 0,?, 55,r-5,,,2,1,1,0,184,1174,,,,,970019,19,7221,19,,72,582,11,1,89
91WN01469, 91101638,91,10,S1638,2,18,07,007,2,2,5,5,5.0,5,4,1,92,126,6,105,63,417,10, 0, 0, 0, 54,038,,,2,1,1,0,184,1174,92,,262,,970019,19,7221,19,,61,479,11,2,70
91WN01470, 91101639,91,10,S1639,3,18,07,005,1,1,1,1,2.0,2,2,3,92,134,5,110,94,619, 0, 0, 0, 0, 62,,,,,1,,0,150,906,93,,281,3,962319,19,0162,10,,85,554,12,3,97
91WN01471, 91101640,91,10,S1640,2,18,07,009,2,2,5,5,2.0,2,2,1,92,126,19,83,71,498, 6, 0, 0, 0, 52,r-2,,,2,1,1,0,167,1103,,,,,978119,19,0011,10,,68,562,11,1,83
91WN01472, 91101641,91,10,S1641,2,18,07,009,2,2,5,5,2.0,2,2,1,92,126,10,89,71,493, 6, 0, 0, 0, 52,r-3,,,2,1,1,0,167,1103,,,,,978119,19,0011,10,,68,558,11,1,83
91WN01473, 91101642,91,10,S1642,2,18,07,009,2,2,5,5,4.0,4,4,1,92,126,12,92,67,459,12, 0, 0, 0, 51,037,,,1,1,1,0,164,994,92,,262,,978119,19,8115,19,,64,520,12,2,77
91WN01474, 91101643,91,10,S1643,2,18,07,009,2,2,5,5,4.0,4,4,1,92,126,1,91,74,515, 7, 0, 0, 0, 53,r-5,,,1,1,1,0,164,994,,,,,978119,19,8115,19,,71,577,12,1,86
91WN01475, 91101644,91,10,S1644,1,18,07,008,1,1,1,1,5.0,5,4,1,92,126,12,128,98,676, 8, 0, 0, 0, 85,,,,2,1,2,0,151,864,,,,,973619,19,7052,19,,94,545,18,1,107
91WN01476, 91101645,91,10,S1645,2,18,07,014,2,1,3,2,6.0,6,4,3,92,134,5,93,85,565, 0, 0, 0, 0, 59,r-2,,,,1,,0,137,783,,,,3,994119,19,6229,19,,77,553,11,1,86
91WN01477, 91101647,91,10,S1647,3,18,07,008,2,2,5,4,2.0,2,2,3,92,133,12,110,88,579, 0, 0, 0, 0, 56,,,,,1,,0,167,1188,93,21,281,3,973619,19,9705,19,,80,590,18,3,80
91WN01478, 91101648,91,10,S1648,3,18,07,008,2,2,5,6,2.0,2,2,3,92,133,14,90,84,564, 0, 0, 0, 0, 51,,,,,1,,0,167,1188,93,21,281,3,973619,19,9705,19,,77,627,18,3,86
91WN01479, 91101649,91,10,S1649,1,18,07,005,2,2,5,5,3.0,3,3,3,92,133,1,121,71,443, 0, 0, 0, 0, 49,,,,,1,,0,160,994,93,,266,3,962319,19,9337,19,,65,449,11,3,71
91WN01480, 91101650,91,10,S1650,1,18,07,005,2,2,5,5,3.0,3,3,3,92,133,1,106,92,612, 0, 0, 0, 0, 60,,,,,1,,0,160,994,,,,3,962319,19,9337,19,,84,618,11,1,95
91WN01481, 91101651,91,10,S1651,2,18,07,009,4,2,0,5,6.0,6,4,3,92,132,20,89,88,599, 0, 0, 0, 0, 58,r-3,,,,1,,0,237,1189,,,,3,978119,19,6248,19,,81,644,18,1,90
91WN01482, 91101652,91,10,S1652,2,18,07,009,4,2,0,5,6.0,6,4,3,92,132,20,78,73,494, 0, 0, 0, 0, 44,r-5,,,,1,,0,237,1189,,,,3,978119,19,6248,19,,67,539,18,1,73
91WN01483, 91101653,91,10,S1653,1,18,07,009,4,2,0,5,6.0,6,4,3,92,132,10,94,89,603, 0, 0, 0, 0, 61,,,,,1,,0,237,1189,,,,3,978119,19,6248,19,,82,608,18,1,87
91WN01484, 91101654,91,10,S1654,1,18,07,009,4,2,0,5,6.0,6,4,3,92,132,10,96,51,314, 0, 0, 0, 0, 43,,,,,1,,0,237,1189,93,,266,3,978119,19,6248,19,,47,319,18,3,53
91WN01485, 91101655,91,10,S1655,2,18,07,006,3,2,8,5,5.0,5,4,1,92,126,6,65,66,472,10, 0, 0, 0, 45,037,,,1,1,1,0,195,1191,92,,262,3,966019,19,7184,19,,63,534,11,2,73
91WN01486, 91101656,91,10,S1656,1,18,07,006,3,2,8,5,5.0,5,4,3,92,134,6,105,97,646, 0, 0, 0, 0, 66,,,,,1,,0,195,1191,93,73,266,3,966019,19,7184,19,,88,652,11,3,102
91WN01487, 91101657,91,10,S1657,2,18,07,006,3,2,8,5,5.0,5,4,3,92,134,7,97,90,599, 0, 0, 0, 0, 57,r-3,,,,1,,0,195,1191,,,,3,966019,19,7184,19,,82,646,11,1,89
91WN01488, 91101658,91,10,S1658,1,18,42,001,2,2,5,6,6.0,6,4,1,92,126,34,82,67,467, 8, 0, 0, 0, 50,,,,1,1,2,0,147,856,93,,266,,062110,10,6281,19,,64,540,12,3,76
91WN01489, 91101659,91,10,S1659,2,18,42,001,2,2,5,4,6.0,6,4,1,92,126,15,98,74,510, 9, 0, 0,?, 59,r-5,,,2,1,3,0,147,856,,95,,,062110,10,6281,19,,71,556,12,1,89
91WN01490, 91101660,91,10,S1660,1,18,07,006,2,1,3,2,5.0,5,4,3,92,132,21,115,113,769, 0, 0, 0, 0, 67,,,,,1,,0,162,934,,,,3,966019,19,7627,19,,104,672,18,1,113
91WN01491, 91101662,91,10,S1662,2,18,07,005,2,2,5,5,3.0,3,3,7,92,134,1,93,78,513, 0, 0, 0, 0,  0,r-5,,,,1,,,175,1232,,,,7,962319,19,9146,19,,71,,18,1,83
91WN01492, 91101663,91,10,S1663,3,18,07,005,2,2,5,5,3.0,3,3,7,92,134,1,99,82,538, 0, 0, 0, 0,  0,,,,,1,,,175,1232,93,,281,7,962319,19,9146,19,,74,,18,3,87
91WN01493, 91101664,91,10,S1664,2,18,07,005,2,2,5,5,2.0,2,2,3,92,134,8,100,81,530, 0, 0, 0, 0, 52,r-3,,,,1,,0,167,1158,,,,3,962319,19,9643,19,,74,580,11,1,89
91WN01494, 91101665,91,10,S1665,3,18,07,005,2,2,5,5,2.0,2,2,3,92,134,10,108,87,569, 0, 0, 0, 0, 60,,,,,1,,0,167,1158,93,16,281,3,962319,19,9643,19,,79,611,11,3,95
91WN01495, 91101666,91,10,S1666,1,18,07,002,1,1,1,1,2.0,2,2,1,93,125,23,115,107,764,11, 0, 0, 0, 84,,,,2,1,3,0,167,1033,,95,,,004310,10,0061,10,,103,635,11,1,114
91WN01496, 91101667,91,10,S1667,2,18,07,013,2,2,5,6,5.0,5,4,3,93,132,5,92,85,574, 0, 0, 0, 0, 64,r-4,,,,1,,0,184,1270,,,,3,990819,19,7335,19,,78,634,11,1,82
91WN01497, 91101668,91,10,S1668,1,18,07,013,2,2,5,4,5.0,5,4,3,93,132,4,108,90,600, 0, 0, 0, 0, 60,,,,,1,,0,184,1270,,,,3,990819,19,7335,19,,83,601,11,1,91
91WN01498, 91101669,91,10,S1669,2,18,07,014,2,2,5,5,6.0,6,4,3,93,132,6,104,77,505, 0, 0, 0, 0, 54,r-3,,,,1,,0,137,922,,,,3,994119,19,6196,19,,71,552,12,1,69
91WN01499, 91101670,91,10,S1670,2,18,07,014,2,2,5,5,6.0,6,4,3,93,132,7,98,64,411, 0, 0, 0, 0, 47,,,,,1,,0,137,922,93,,281,3,994119,19,6196,19,,59,457,12,3,60
91WN01500, 91101671,91,10,S1671,1,18,07,015,3,2,8,5,3.0,3,3,1,93,125,12,88,83,594, 9, 0, 0, 0, 57,,,,1,1,4,0,189,1212,93,,321,,997519,19,9126,19,,80,614,11,H,0
91WN01501, 91101672,91,10,S1672,1,18,07,015,3,2,8,5,3.0,3,3,1,93,125,3,98,74,514, 9, 0, 0, 0, 56,,,,1,1,1,0,189,1212,93,,321,,997519,19,9126,19,,71,535,11,H,0
91WN01502, 91101674,91,10,S1674,2,18,42,004,2,2,5,7,6.0,6,4,3,93,133,1,82,70,465, 0, 0, 0, 0, 48,,,,,1,,0,177,1011,93,,281,3,065310,10,6145,19,,64,526,18,3,71
91WN01503, 91101675,91,10,S1675,1,18,42,004,2,2,5,3,6.0,6,4,3,93,133,1,120,94,617, 0, 0, 0, 0, 63,,,,,1,,0,177,1011,,,,3,065310,10,6145,19,,86,619,18,1,94
91WN01504, 91101676,91,10,S1676,1,18,07,015,1,1,1,1,3.0,3,3,1,93,125,5,114,86,597, 8, 0, 0, 0, 70,,,,2,1,3,0,160,1044,93,,266,,997519,19,8790,19,,83,466,12,3,93
91WN01505, 91101677,91,10,S1677,1,18,07,008,1,1,1,1,3.0,3,3,1,93,125,5,119,97,681, 8, 0, 0, 0, 78,,,,1,1,2,0,146,1009,,,,,973619,19,8828,19,,94,550,11,1,104
91WN01506, 91101678,91,10,S1678,1,18,42,003,2,2,5,4,4.0,4,4,1,93,125,1,141,79,519, 8, 0, 0, 0, 63,,,,1,1,1,0,139,873,93,,266,,068010,10,7912,19,,76,535,12,3,82
91WN01507, 91101679,91,10,S1679,2,18,42,003,2,2,5,6,4.0,4,4,1,93,125,23,114,67,445, 8, 0, 0, 0, 52,OUT,,,1,1,1,0,139,873,93,03,281,,068010,10,7912,19,,65,518,12,3,79
91WN01508, 91101680,91,10,S1680,1,18,07,015,2,2,5,5,6.0,6,4,1,93,125,22,100,51,328, 7, 0, 0, 0, 31,,,,1,1,1,0,197,1219,93,,266,,997519,19,6297,19,,49,347,11,3,58
91WN01509, 91101681,91,10,S1681,1,18,07,015,2,2,5,5,6.0,6,4,1,93,125,1,89,67,465,10, 0, 0, 0, 50,,,,1,1,3,0,197,1219,93,,266,,997519,19,6297,19,,65,486,11,3,72
91WN01510, 91101682,91,10,S1682,1,18,07,015,2,2,5,5,4.0,4,4,3,93,132,1,113,80,520, 0, 0, 0, 0, 53,,,,,1,,0,152,1091,93,,266,3,997519,19,7802,19,,74,526,11,3,79
91WN01511, 91101683,91,10,S1683,1,18,07,015,2,2,5,5,4.0,4,4,3,93,132,1,120,94,621, 0, 0, 0, 0, 61,,,,,1,,0,152,1091,,,,3,997519,19,7802,19,,87,627,11,1,96
91WN01512, 91101684,91,10,S1684,2,18,07,015,2,2,5,5,3.0,3,3,7,93,133,1,100,77,504, 0, 0, 0, 0,  0,r-3,,,,1,,,160,954,,95,,7,997519,19,9279,19,,70,,11,1,82
91WN01513, 91101685,91,10,S1685,3,18,07,015,2,2,5,5,3.0,3,3,7,93,133,1,111,71,450, 0, 0, 0, 0,  0,,,,,1,,,160,954,93,,281,7,997519,19,9279,19,,65,,11,3,76
91WN01514, 91101686,91,10,S1686,3,18,07,008,3,2,8,4,5.0,5,4,3,93,132,13,110,76,492, 0, 0, 0, 0, 50,,,,,1,,0,184,955,93,,281,3,973619,19,7478,19,,70,499,12,3,77
91WN01515, 91101688,91,10,S1688,2,18,07,008,3,2,8,6,5.0,5,4,3,93,132,12,85,75,504, 0, 0, 0,+, 47,r-1,,,,1,,0,184,955,,,,3,973619,19,7478,19,,69,564,12,1,77
91WN01516, 91101689,91,10,S1689,1,18,07,009,2,1,3,2,4.0,4,4,3,93,133,1,132,103,675, 0, 0, 0, 0, 73,,,,,1,,0,189,1034,,,,3,978119,19,7955,19,,94,580,18,1,105
91WN01517, 91101690,91,10,S1690,2,18,07,010,2,2,5,5,4.0,4,4,3,93,132,18,109,79,516, 0, 0, 0, 0, 54,r-3,,,,1,,0,189,1247,,,,3,980719,19,8127,19,,73,561,12,1,80
91WN01518, 91101691,91,10,S1691,1,18,07,010,2,2,5,5,4.0,4,4,3,93,132,19,119,93,614, 0, 0, 0, 0, 62,,,,,1,,0,189,1247,97,,289,3,980719,19,8127,19,,86,618,12,1,91
91WN01519, 91101692,91,10,S1692,2,18,07,014,2,2,5,4,5.0,5,4,3,93,133,1,93,83,554, 0, 0, 0, 0, 55,r-3,,,,1,,0,162,1098,,,,3,994119,19,7040,19,,76,587,11,1,86
91WN01520, 91101693,91,10,S1693,3,18,07,014,2,2,5,6,5.0,5,4,3,93,133,1,75,71,477, 0, 0, 0, 0, 48,,,,,1,,0,162,1098,93,,281,3,994119,19,7040,19,,65,538,11,3,71
91WN01521, 91101694,91,10,S1694,3,18,07,005,2,1,3,2,3.0,3,3,3,93,132,14,60,69,477, 0, 0, 0, 0, 47,,,,,1,,0,189,930,93,,281,3,962319,19,9014,19,,63,456,18,3,68
91WN01522, 91101696,91,10,S1696,1,18,07,009,1,1,1,1,4.0,4,4,3,93,133,6,126,117,785, 0, 0, 0, 0, 79,,,,,1,,0,152,1072,,,,3,978119,19,8282,19,,107,639,11,1,128
91WN01523, 91101697,91,10,S1697,2,18,07,002,2,2,5,5,2.0,2,2,3,93,132,18,86,60,389, 0, 0, 0, 0, 37,,,,,1,,0,167,1114,93,95,281,3,004310,10,9634,19,,55,438,11,3,63
91WN01524, 91101698,91,10,S1698,3,18,07,002,2,2,5,5,2.0,2,2,3,93,132,18,95,85,572, 0, 0, 0, 0, 53,,,,,1,,0,167,1114,93,,281,3,004310,10,9634,19,,78,613,11,3,88
91WN01525, 91101699,91,10,S1699,3,18,07,002,2,2,5,5,4.0,4,4,3,93,132,5,103,84,558, 0, 0, 0, 0, 59,,,,,1,,0,164,885,93,,321,3,004310,10,7812,19,,77,597,11,H,0
91WN01526, 91101700,91,10,S1700,3,18,07,002,2,2,5,5,4.0,4,4,3,93,80,0,98,53,540, 0, 0, 0, 0, 53,,,,,1,,0,164,885,97,,227,3,004310,10,7812,19,,75,,11,7,0
91WN01527, 91101701,91,10,S1701,2,18,07,014,2,1,3,2,3.0,3,3,7,93,133,1,102,79,517, 0, 0, 0, 0,  0,r-1,,,,1,,,175,864,,,,7,994119,19,8789,19,,72,,12,1,84
91WN01528, 91101703,91,10,S1703,1,18,07,015,2,1,3,2,7.0,7,5,1,93,125,15,125,82,556,11, 0, 0, 0, 67,,,,1,1,7,0,153,816,93,,266,,997519,19,5717,19,,79,484,12,3,90
91WN01529, 91101705,91,10,S1705,2,18,07,002,2,1,3,2,2.0,2,2,3,93,132,19,104,89,595, 0, 0, 0, 0, 59,r-1,,,,1,,0,167,996,,,,3,004310,10,0079,10,,82,584,18,1,90
91WN01530, 91101707,91,10,S1707,3,18,07,015,1,1,1,1,3.0,3,3,3,93,132,4,106,83,548, 0, 0, 0, 0, 62,,,,6,1,,0,175,1138,93,,321,3,997519,19,8891,19,,76,479,11,H,0
91WN01531, 91101708,91,10,S1708,3,18,07,014,2,2,5,5,4.0,4,4,7,93,133,1,124,92,598, 0, 0, 0, 0,  0,,,,,1,,,152,1099,93,,281,7,994119,19,8467,19,,84,,18,3,97
91WN01532, 91101709,91,10,S1709,2,18,07,014,2,2,5,5,4.0,4,4,7,93,133,1,131,83,526, 0, 0, 0, 0,  0,r-1,,,,1,,,152,1099,,,,7,994119,19,8467,19,,76,,18,1,88
91WN01533, 91101710,91,10,S1710,2,18,07,013,2,2,5,5,4.0,4,4,7,93,133,1,93,76,502, 0, 0, 0, 0,  0,r-2,,,,1,,,152,1010,,,,7,990819,19,8007,19,,69,,11,1,81
91WN01534, 91101711,91,10,S1711,2,18,07,013,2,2,5,5,4.0,4,4,7,93,133,1,98,77,505, 0, 0, 0, 0,  0,r-5,,,,1,,,152,1010,,,,7,990819,19,8007,19,,70,,11,1,82
91WN01535, 91101712,91,10,S1712,2,18,07,015,2,2,5,5,4.0,4,4,3,93,133,8,104,81,531, 0, 0, 0, 0, 52,r-5,,,,1,,0,152,1010,,,,3,997519,19,8502,19,,74,578,18,1,84
91WN01536, 91101713,91,10,S1713,2,18,07,015,2,2,5,5,4.0,4,4,3,93,133,10,92,65,420, 0, 0, 0, 0, 43,,,,,1,,0,152,1010,93,,281,3,997519,19,8502,19,,60,466,18,3,64
91WN01537, 91101714,91,10,S1714,3,18,07,009,2,2,5,5,3.0,3,3,7,93,133,1,115,82,530, 0, 0, 0, 0,  0,,,,,1,,,146,753,93,,281,7,978119,19,8665,19,,75,,12,3,87
91WN01538, 91101715,91,10,S1715,2,18,07,009,2,2,5,5,3.0,3,3,7,93,133,1,104,78,508, 0, 0, 0, 0,  0,r-4,,,,1,,,146,753,,,,7,978119,19,8665,19,,71,,12,1,83
91WN01539, 91101716,91,10,S1716,2,18,07,002,2,1,3,2,4.0,4,4,3,93,132,15,90,72,477, 0, 0, 0, 0, 53,r-1,,,,1,,0,152,863,,,,3,004310,10,7885,19,,66,463,12,1,79
91WN01540, 91101718,91,10,S1718,1,18,07,015,1,1,1,1,5.0,5,4,1,93,125,12,138,98,674,13, 0, 0, 0, 78,,,,1,1,5,0,151,947,93,,266,,997519,19,7280,19,,95,542,12,3,103
91WN01541, 91101719,91,10,S1719,3,18,07,007,2,2,5,5,2.0,2,2,3,93,133,1,100,72,466, 0, 0, 0, 0, 50,,,,,1,,0,150,920,93,,281,3,970019,19,9898,19,,66,,18,3,84
91WN01542, 91101720,91,10,S1720,2,18,07,007,2,2,5,5,2.0,2,2,3,93,133,1,96,73,477, 0, 0, 0,+, 52,r-1,,,,1,,0,150,920,,,,3,970019,19,9898,19,,67,,18,1,84
91WN01543, 91101721,91,10,S1721,1,18,07,013,1,1,1,1,2.0,2,2,1,93,125,33,109,102,729, 9, 0, 0, 0, 84,,,,2,1,5,0,150,1010,,,,,990819,19,9715,19,,98,598,11,1,110
91WN01544, 91101722,91,10,S1722,3,18,07,013,2,2,5,5,4.0,4,4,3,93,133,13,121,62,375, 0, 0, 0, 0, 39,,,,,1,,0,152,993,93,,281,3,990819,19,8171,19,,57,413,12,3,66
91WN01545, 91101723,91,10,S1723,3,18,07,013,2,2,5,5,4.0,4,4,3,93,133,13,104,75,486, 0, 0, 0, 0, 50,,,,,1,,0,152,993,93,,321,3,990819,19,8171,19,,69,524,12,H,0
91WN01546, 91101724,91,10,S1724,1,18,07,009,1,1,1,1,5.0,5,4,3,94,131,18,110,118,817, 0, 0, 0, 0, 74,,,,,1,,0,162,940,,,,3,978119,19,7098,19,,109,669,18,1,119
91WN01547, 91101725,91,10,S1725,2,18,07,005,3,2,8,3,5.0,5,4,3,94,130,4,106,90,611, 0, 0, 0, 0, 58,r-5,,,,1,,0,173,1052,,,,3,962319,19,7182,19,,84,643,11,1,92
91WN01548, 91101726,91,10,S1726,2,18,07,005,3,2,8,7,5.0,5,4,3,94,130,5,75,61,412, 0, 0, 0, 0, 42,,,,,1,,0,173,1052,93,,281,3,962319,19,7182,19,,57,472,11,3,74
91WN01549, 91101728,91,10,S1728,2,18,07,012,2,1,3,2,2.0,2,2,3,94,130,10,102,90,614, 0, 0, 0, 0, 61,r-3,,,,1,,0,184,1156,,95,,3,985019,19,0025,10,,84,604,18,1,90
91WN01550, 91101729,91,10,S1729,3,18,07,012,2,2,5,7,2.0,2,2,2,94,125,3,80,79,568,10, 0, 0, 0, 60,,,,2,1,3,0,184,1156,93,,350,3,985019,19,0025,10,,76,626,18,H,0
91WN01551, 91101730,91,10,S1730,3,18,07,005,2,2,5,4,3.0,3,3,7,94,132,1,101,67,431, 0, 0, 0, 0,  0,,,,,1,,,175,1065,93,,281,7,962319,19,8876,19,,62,,12,3,72
91WN01552, 91101731,91,10,S1731,2,18,07,005,2,2,5,6,3.0,3,3,7,94,132,1,84,64,421, 0, 0, 0, 0,  0,r-2,,,,1,,,175,1065,,95,,7,962319,19,8876,19,,59,,12,1,69
91WN01553, 91101732,91,10,S1732,2,18,07,006,3,1,7,2,6.0,6,4,1,94,124,26,108,78,542, 7, 0, 0, 0, 58,r-3,,,2,1,1,0,187,971,,,,X,966019,19,6776,19,,76,541,18,1,92
91WN01554, 91101735,91,10,S1735,2,18,42,004,2,2,5,4,3.0,3,3,7,94,132,1,102,75,491, 0, 0, 0,+,  0,r-4,,,,1,,,189,1123,,,,7,065310,10,8657,19,,69,,11,1,80
91WN01555, 91101736,91,10,S1736,2,18,42,004,2,2,5,6,3.0,3,3,7,94,132,1,84,52,330, 0, 0, 0, 0,  0,,,,,1,,,189,1123,93,,281,7,065310,10,8657,19,,48,,11,3,57
91WN01556, 91101737,91,10,S1737,1,18,07,014,2,2,5,5,4.0,4,4,3,94,130,5,118,97,655, 0, 0, 0, 0, 68,,,,,1,,0,164,1080,,,,3,994119,19,7796,19,,90,660,11,1,96
91WN01557, 91101738,91,10,S1738,2,18,07,014,2,2,5,5,4.0,4,4,3,94,130,5,107,81,541, 0, 0, 0, 0, 54,r-5,,,,1,,0,164,1080,,95,,3,994119,19,7796,19,,76,587,11,1,87
91WN01558, 91101739,91,10,S1739,1,18,07,002,1,1,1,1,5.0,5,4,3,94,132,14,148,110,721, 0, 0, 0, 0, 81,,,,,1,,0,173,1142,,,,3,004310,10,7415,19,,101,574,11,1,111
91WN01559, 91101740,91,10,S1740,2,18,07,012,1,1,1,1,3.0,3,3,3,94,131,19,116,91,606, 0, 0, 0, 0, 62,r-5,,,,1,,0,175,1144,,95,,3,985019,19,9034,19,,84,574,11,1,94
91WN01560, 91101741,91,10,S1741,2,18,07,009,2,2,5,5,3.0,3,3,7,94,132,1,94,66,429, 0, 0, 0, 0,  0,r-3,,,,1,,,146,870,,95,,7,978119,19,8997,19,,61,,11,1,71
91WN01561, 91101742,91,10,S1742,2,18,07,009,2,2,5,5,3.0,3,3,7,94,132,1,88,66,433, 0, 0, 0, 0,  0,r-4,,,,1,,,146,870,,,,7,978119,19,8997,19,,61,,11,1,71
91WN01562, 91101744,91,10,S1744,1,18,07,007,3,2,8,5,6.0,6,4,2,94,125,27,92,75,526,10, 0, 0, 0, 56,,,,2,1,2,0,167,1179,93,,266,,970019,19,6790,19,,72,523,18,3,83
91WN01563, 91101745,91,10,S1745,2,18,07,007,3,2,8,5,6.0,6,4,2,94,125,11,103,67,454, 9, 0, 0, 0, 53,037,,,1,1,1,0,167,1179,92,,262,,970019,19,6790,19,,65,494,18,2,74
91WN01564, 91101746,91,10,S1746,1,18,42,004,2,2,5,5,2.0,2,2,2,94,125,1,79,73,521,10, 0, 0, 0, 55,,,,1,1,1,0,184,1264,93,,266,,065310,10,9640,19,,70,525,11,3,81
91WN01565, 91101747,91,10,S1747,2,18,42,004,2,2,5,5,2.0,2,2,2,94,125,11,91,80,567, 7, 0, 0,+, 60,r-2,,,2,1,1,0,184,1264,,16,,,065310,10,9640,19,,77,611,11,1,88
91WN01566, 91101748,91,10,S1748,1,18,42,001,2,2,5,5,5.0,5,4,2,94,125,1,107,63,418, 8, 0, 0, 0, 55,,,,1,1,3,0,184,984,93,,266,,062110,10,7591,19,,61,419,18,3,71
91WN01567, 91101749,91,10,S1749,2,18,42,001,2,2,5,5,5.0,5,4,2,94,125,28,101,74,511, 8, 0, 0,+, 58,r-3,,,1,1,1,0,184,984,,95,,,062110,10,7591,19,,71,549,18,1,85
91WN01568, 91101750,91,10,S1750,1,18,07,009,2,1,3,2,7.0,7,5,2,94,125,1,112,109,782, 6, 0, 0, 0, 81,,,,2,1,4,0,171,1249,,,,,978119,19,6088,19,,105,691,11,1,112
91WN01569, 91101752,91,10,S1752,1,18,42,004,2,2,5,5,4.0,4,4,2,94,125,21,122,83,566, 6, 0, 0, 0, 70,,,,1,1,3,0,164,1173,,,,,065310,10,8450,19,,80,564,18,1,91
91WN01570, 91101753,91,10,S1753,1,18,42,004,2,2,5,5,4.0,4,4,2,94,125,21,133,105,734, 8, 0, 0, 0, 78,,,,1,1,2,0,164,1173,,,,,065310,10,8450,19,,101,732,18,1,109
91WN01571, 91101754,91,10,S1754,2,18,07,007,1,1,1,1,5.0,5,4,1,94,124,32,113,66,441,10, 0, 0, 0, 54,037,,,1,1,1,0,140,810,92,,262,,970019,19,6984,19,,64,423,12,2,79
91WN01572, 91101755,91,10,S1755,2,18,07,006,1,1,1,1,3.0,3,3,3,94,132,14,106,102,692, 0, 0, 0, 0, 68,r-5,,,,1,,0,146,941,,,,3,966019,19,9386,19,,94,661,11,1,98
91WN01573, 91101756,91,10,S1756,1,18,07,011,2,2,5,6,2.0,2,2,2,94,125,1,92,67,462,10, 0, 0, 0, 45,,,,2,1,1,0,167,1086,93,,266,,982619,19,0032,10,,65,522,18,3,72
91WN01574, 91101757,91,10,S1757,2,18,07,011,2,2,5,4,2.0,2,2,2,94,125,22,114,73,493, 9, 0, 0, 0, 53,r-5,,,2,1,1,0,167,1086,,,,,982619,19,0032,10,,71,521,18,1,83
91WN01575, 91101758,91,10,S1758,1,18,07,012,2,2,5,5,4.0,4,4,3,94,130,8,99,85,578, 0, 0, 0, 0, 59,,,,,1,,0,164,1127,93,95,266,3,985019,19,8117,19,,79,583,18,3,88
91WN01576, 91101759,91,10,S1759,1,18,07,012,2,2,5,5,4.0,4,4,3,94,130,10,86,76,518, 0, 0, 0, 0, 55,,,,,1,,0,164,1127,93,,266,3,985019,19,8117,19,,71,523,18,3,77
91WN01577, 91101761,91,10,S1761,1,18,42,001,2,2,5,5,4.0,4,4,2,94,125,2,95,49,316, 9, 0, 0, 0, 37,,,,1,1,2,0,164,889,93,,266,,062110,10,8237,19,,47,317,12,3,55
91WN01578, 91101762,91,10,S1762,1,18,42,001,2,2,5,5,4.0,4,4,2,94,125,1,107,60,394, 9, 0, 0, 0, 43,,,,1,1,3,0,164,889,93,,266,,062110,10,8237,19,,58,395,12,3,67
91WN01579, 91101763,91,10,S1763,2,18,42,001,3,2,8,5,3.0,3,3,2,94,125,1,105,59,388, 8, 0, 0, 0, 44,038,,,1,1,1,0,189,1214,92,,262,,062110,10,9144,19,,57,429,11,2,71
91WN01580, 91101764,91,10,S1764,1,18,42,001,3,2,8,5,3.0,3,3,2,94,125,1,111,86,599, 8, 0, 0, 0, 62,,,,2,1,2,0,189,1214,,,,,062110,10,9144,19,,83,599,11,1,92
91WN01581, 91101765,91,10,S1765,3,18,07,015,2,2,5,5,6.0,6,4,3,94,132,12,111,76,492, 0, 0, 0, 0, 51,,,,,1,,0,157,912,93,,281,3,997519,19,6203,19,,70,530,12,3,80
91WN01582, 91101766,91,10,S1766,3,18,07,015,2,2,5,5,6.0,6,4,3,94,132,13,127,80,510, 0, 0, 0, 0, 55,,,,,1,,0,157,912,93,,321,3,997519,19,6203,19,,74,548,12,H,0
91WN01583, 91101767,91,10,S1767,2,18,07,007,2,2,5,7,4.0,4,4,2,94,125,22,86,56,379,12, 0, 0, 0, 39,038,,,1,1,1,0,139,882,92,,262,,970019,19,8052,19,,54,432,12,2,71
91WN01584, 91101768,91,10,S1768,1,18,07,007,2,2,5,3,4.0,4,4,2,94,125,12,117,86,594,11, 0, 0, 0, 64,,,,2,1,2,0,139,882,93,,321,,970019,19,8052,19,,83,588,12,H,0
91WN01585, 91101769,91,10,S1769,1,18,07,011,2,2,5,4,3.0,3,3,2,94,125,22,112,76,518, 9, 0, 0, 0, 59,,,,1,1,1,0,175,1067,93,,266,,982619,19,8704,19,,73,511,11,3,84
91WN01586, 91101770,91,10,S1770,2,18,07,011,2,2,5,6,3.0,3,3,2,94,125,17,89,90,649, 8, 0, 0, 0, 67,r-1,,,2,1,1,0,175,1067,,,,,982619,19,8704,19,,87,702,11,1,98
91WN01587, 91101771,91,10,S1771,3,18,07,008,1,1,1,1,6.0,6,4,3,94,131,12,118,94,627, 0, 0, 0, 0, 66,,,,,1,,0,137,1001,93,95,281,3,973619,19,6501,19,,87,557,12,3,88
91WN01588, 91101772,91,10,S1772,3,18,07,015,2,2,5,5,3.0,3,3,7,94,132,1,111,67,423, 0, 0, 0, 0,  0,,,,,1,,,189,1090,93,,281,7,997519,19,8802,19,,62,,11,3,72
91WN01589, 91101773,91,10,S1773,2,18,07,015,2,2,5,5,3.0,3,3,7,94,132,1,112,75,483, 0, 0, 0, 0,  0,r-1,,,,1,,,189,1090,,,,7,997519,19,8802,19,,69,,11,1,80
91WN01590, 91101774,91,10,S1774,2,18,07,009,2,2,5,5,5.0,5,4,3,94,132,8,110,79,515, 0, 0, 0, 0, 58,r-5,,,,1,,0,173,1032,,,,3,978119,19,6908,19,,73,561,11,1,92
91WN01591, 91101775,91,10,S1775,2,18,07,009,2,2,5,5,5.0,5,4,3,94,132,10,107,73,472, 0, 0, 0, 0, 46,r-2,,,,1,,0,173,1032,,,,3,978119,19,6908,19,,67,518,11,1,77
91WN01592, 91101776,91,10,S1776,2,18,42,003,2,1,3,2,3.0,3,3,7,94,132,1,103,90,604, 0, 0, 0, 0,  0,r-5,,,,1,,,160,915,,,,7,068010,10,9376,19,,83,,18,1,95
91WN01593, 91101778,91,10,S1778,1,18,07,014,2,2,5,5,3.0,3,3,3,94,130,4,89,63,416, 0, 0, 0, 0, 44,,,,,1,,0,175,1152,93,,266,3,994119,19,9125,19,,59,421,11,3,65
91WN01594, 91101779,91,10,S1779,1,18,07,014,2,2,5,5,3.0,3,3,3,94,130,4,80,67,454, 0, 0, 0, 0, 43,,,,,1,,0,175,1152,93,,266,3,994119,19,9125,19,,62,459,11,3,73
91WN01595, 91101783,91,10,S1783,1,18,07,008,2,2,5,5,7.0,7,5,2,94,125,7,111,84,583,11, 0, 0, 0, 64,,,,1,1,1,0,162,1128,93,,266,,973619,19,5973,19,,81,592,11,3,88
91WN01596, 91101784,91,10,S1784,1,18,07,008,2,2,5,5,7.0,7,5,2,94,125,23,116,83,571, 9, 0, 0, 0, 63,,,,1,1,2,0,162,1128,93,,266,,973619,19,5973,19,,80,578,11,3,91
91WN01597, 91101785,91,10,S1785,1,18,07,015,2,2,5,5,2.0,2,2,3,95,130,18,102,83,560, 0, 0, 0, 0, 54,,,,,1,,0,184,948,93,,266,3,997519,19,9892,19,,77,567,11,3,86
91WN01598, 91101786,91,10,S1786,1,18,07,015,2,2,5,5,2.0,2,2,3,95,130,18,114,92,620, 0, 0, 0, 0, 65,,,,,1,,0,184,948,,,,3,997519,19,9892,19,,86,627,11,1,98
91WN01599, 91101787,91,10,S1787,3,18,07,005,1,1,1,1,4.0,4,4,3,95,129,15,142,91,595, 0, 0, 0, 0, 65,,,,,1,,0,127,821,93,16,281,3,962319,19,8029,19,,86,524,12,3,95
91WN01600, 91101788,91,10,S1788,1,18,07,011,2,2,5,5,5.0,5,4,2,95,124,1,103,97,699, 9, 0, 0, 0, 69,,,,1,1,2,0,173,1067,,,,,982619,19,7113,19,,94,700,18,1,96
91WN01601, 91101789,91,10,S1789,1,18,07,011,2,2,5,5,5.0,5,4,2,95,124,1,92,75,531, 9, 0, 0, 0, 63,,,,2,1,1,0,173,1067,93,95,321,,982619,19,7113,19,,73,532,18,H,0
91WN01602, 91101790,91,10,S1790,3,18,07,010,2,1,3,2,3.0,3,3,3,95,129,16,85,77,531, 0, 0, 0, 0, 53,,,,,1,,0,175,875,93,,321,3,980719,19,9424,19,,72,509,12,H,0
91WN01603, 91101792,91,10,S1792,1,18,07,012,3,2,8,3,6.0,6,4,3,95,129,4,99,71,474, 0, 0, 0, 0, 48,,,,,1,,0,197,1150,93,,266,3,985019,19,6155,19,,67,474,11,3,72
91WN01604, 91101793,91,10,S1793,3,18,07,012,3,2,8,7,6.0,6,4,3,95,129,5,69,58,396, 0, 0, 0, 0, 38,,,,,1,,0,197,1150,93,,281,3,985019,19,6155,19,,54,455,11,3,62
91WN01605, 91101794,91,10,S1794,1,18,07,010,2,2,5,5,4.0,4,4,3,95,131,5,102,95,647, 0, 0, 0, 0, 59,,,,,1,,0,177,912,,,,3,980719,19,7962,19,,88,653,11,1,95
91WN01606, 91101795,91,10,S1795,2,18,07,010,2,2,5,5,4.0,4,4,3,95,131,6,90,74,496, 0, 0, 0, 0, 46,r-1,,,,1,,0,177,912,,,,3,980719,19,7962,19,,69,542,11,1,85
91WN01607, 91101798,91,10,S1798,2,18,07,010,2,2,5,5,5.0,5,4,3,95,129,16,111,72,472, 0, 0, 0, 0, 46,r-2,,,,1,,0,151,781,,,,3,980719,19,7498,19,,68,517,12,1,75
91WN01608, 91101799,91,10,S1799,1,18,07,010,2,2,5,5,5.0,5,4,3,95,129,14,100,70,465, 0, 0, 0, 0, 48,,,,,1,,0,151,781,93,,266,3,980719,19,7498,19,,66,469,12,3,74
91WN01609, 91101800,91,10,S1800,2,18,07,012,2,2,5,6,3.0,3,3,7,95,131,1,93,74,494, 0, 0, 0, 0,  0,r-3,,,,1,,,189,1219,,,,7,985019,19,9259,19,,69,,18,1,79
91WN01610, 91101801,91,10,S1801,2,18,07,012,2,2,5,4,3.0,3,3,7,95,131,1,109,74,482, 0, 0, 0, 0,  0,r-4,,,,1,,,189,1219,,,,7,985019,19,9259,19,,69,,18,1,79
91WN01611, 91101802,91,10,S1802,2,18,07,007,3,1,7,2,7.0,7,5,2,95,124,25,72,74,539,10, 0, 0,?, 54,r-2,,,1,1,1,0,189,1074,,,,,970019,19,5901,19,,72,527,11,1,91
91WN01612, 91101804,91,10,S1804,2,18,07,009,2,1,3,2,2.0,2,2,3,95,129,15,96,81,553, 0, 0, 0, 0, 59,r-3,,,,1,,0,167,915,,,,3,978119,19,0149,10,,76,542,18,1,79
91WN01613, 91101806,91,10,S1806,2,18,42,004,2,1,3,2,2.0,2,2,2,95,124,29,106,85,600, 5, 0, 0,+, 66,r-2,,,2,1,1,0,167,955,,,,,065310,10,9654,19,,83,582,18,1,95
91WN01614, 91101808,91,10,S1808,2,18,07,007,2,2,5,5,5.0,5,4,2,95,124,24,118,44,260,10, 0, 0, 0, 31,,,,1,1,1,0,162,1075,95,,281,,970019,19,7628,19,,43,298,18,3,50
91WN01615, 91101809,91,10,S1809,2,18,07,007,2,2,5,5,5.0,5,4,2,95,124,23,120,72,484, 9, 0, 0, 0, 58,035,,,1,1,1,0,162,1075,93,,281,,970019,19,7628,19,,70,523,18,2,83
91WN01616, 91101810,91,10,S1810,2,18,42,003,1,1,1,1,2.0,2,2,3,95,131,14,68,83,582, 0, 0, 0, 0, 54,r-5,,,,1,,0,167,945,,,,3,068010,10,0090,10,,77,555,18,1,86
91WN01617, 91101811,91,10,S1811,2,18,07,007,1,1,1,1,2.0,2,2,2,95,124,2,106,72,495, 7, 0, 0, 0, 59,036,,,2,1,1,0,134,758,92,,262,,970019,19,9788,19,,70,464,11,2,81
91WN01618, 91101813,91,10,S1813,1,18,07,014,3,2,8,4,7.0,7,5,2,95,124,27,115,84,585,15, 0, 0, 0, 64,,,,2,1,5,0,162,932,93,95,266,,994119,19,5699,19,,82,587,12,3,96
91WN01619, 91101814,91,10,S1814,2,18,07,014,3,2,8,6,7.0,7,5,2,95,124,26,87,58,398, 6, 0, 0, 0, 44,038,,,3,1,1,0,162,932,92,,262,,994119,19,5699,19,,56,459,12,2,71
91WN01620, 91101815,91,10,S1815,3,18,42,003,1,1,1,1,2.0,2,2,2,95,124,8,115,79,544,10, 0, 0, 0, 63,,,,1,1,3,0,150,950,93,,321,,068010,10,9759,19,,77,473,12,*,86
91WN01621, 91101816,91,10,S1816,3,18,07,012,2,2,5,5,5.0,5,4,3,95,129,10,82,73,502,10, 0, 0, 0, 55,,,,1,1,1,0,184,1169,93,,321,3,985019,19,7310,19,,68,540,11,H,0
91WN01622, 91101817,91,10,S1817,2,18,07,012,2,2,5,5,5.0,5,4,3,95,129,8,95,83,570, 0, 0, 0, 0, 58,r-2,,,,1,,0,184,1169,,21,,3,985019,19,7310,19,,78,616,11,1,85
91WN01623, 91101818,91,10,S1818,2,18,07,005,1,1,1,1,4.0,4,4,3,95,129,21,124,93,625, 0, 0, 0, 0, 63,r-2,,,,1,,0,127,860,,,,3,962319,19,8208,19,,87,593,11,1,97
91WN01624, 91101820,91,10,S1820,2,18,07,002,3,1,7,2,4.0,4,4,3,95,131,2,91,79,534, 0, 0, 0, 0, 55,r-4,,,,1,,0,202,890,,,,3,004310,10,8567,19,,73,522,18,1,81
91WN01625, 91101822,91,10,S1822,2,18,07,002,2,2,5,5,2.0,2,2,3,95,129,14,89,61,404, 0, 0, 0, 0, 39,,,,,1,,0,150,867,93,95,281,3,004310,10,9823,19,,57,453,18,3,55
91WN01626, 91101823,91,10,S1823,1,18,07,002,2,2,5,5,2.0,2,2,3,95,129,17,95,70,469, 0, 0, 0, 0, 43,,,,,1,,0,150,867,93,,266,3,004310,10,9823,19,,66,476,18,3,74
91WN01627, 91101824,91,10,S1824,2,18,07,002,2,2,5,5,2.0,2,2,3,95,130,12,108,62,394, 0, 0, 0, 0, 46,,,,,1,,0,184,1063,93,,281,3,004310,10,0072,10,,58,443,12,3,65
91WN01628, 91101825,91,10,S1825,3,18,07,002,2,2,5,5,2.0,2,2,3,95,130,12,94,69,458, 0, 0, 0, 0, 43,,,,,1,,0,184,1063,93,,281,3,004310,10,0072,10,,64,499,12,3,74
91WN01629, 91101826,91,10,S1826,3,18,07,006,2,2,5,6,6.0,6,4,3,95,131,8,95,84,569, 0, 0, 0, 0, 53,,,,,1,,0,167,1093,93,,281,3,966019,19,6468,19,,78,628,11,3,85
91WN01630, 91101827,91,10,S1827,1,18,07,006,2,2,5,4,6.0,6,4,3,95,131,8,128,94,620, 0, 0, 0, 0, 62,,,,,1,,0,167,1093,,,,3,966019,19,6468,19,,87,620,11,1,96
91WN01631, 91101828,91,10,S1828,3,18,42,001,2,2,5,5,3.0,3,3,2,95,124,10,114,76,521,10, 0, 0, 0, 57,,,,2,1,1,0,175,1210,93,21,321,,062110,10,9331,19,,74,553,18,*,87
91WN01632, 91101829,91,10,S1829,2,18,42,001,2,2,5,5,3.0,3,3,2,95,124,6,107,76,527, 9, 0, 0,+, 64,r-4,,,1,1,1,0,175,1210,,95,,,062110,10,9331,19,,74,567,18,1,88
91WN01633, 91101830,91,10,S1830,2,18,42,001,2,1,3,2,3.0,3,3,2,96,123,20,105,83,589, 9, 0, 0,+, 64,r-4,,,1,1,1,0,160,905,,95,,,062110,10,9286,19,,81,568,11,1,90
91WN01634, 91101833,91,10,S1833,2,18,07,010,2,1,3,2,4.0,4,4,3,96,129,12,120,85,566, 0, 0, 0, 0, 63,r-1,,,,1,,0,164,1010,,,,3,980719,19,7764,19,,80,552,11,1,84
91WN01635, 91101834,91,10,S1834,2,18,07,012,2,1,3,2,6.0,6,4,2,96,123,8,93,78,559, 9, 0, 0, 0, 59,035,,,2,1,2,0,157,661,93,,281,,985019,19,6672,19,,76,540,12,2,88
91WN01636, 91101836,91,10,S1836,1,18,07,013,1,1,1,1,3.0,3,3,3,96,128,20,115,106,738, 0, 0, 0, 0, 68,,,,,1,,0,146,902,,,,3,990819,19,8731,19,,100,589,11,1,108
91WN01637, 91101838,91,10,S1838,3,18,07,014,2,1,3,2,3.0,3,3,3,96,129,2,101,80,542, 0, 0, 0, 0, 50,,,,,1,,0,160,960,93,,281,3,994119,19,9095,19,,75,522,12,3,78
91WN01638, 91101839,91,10,S1839,3,18,07,007,2,2,5,6,2.0,2,2,2,96,123,26,98,82,587, 7, 0, 0, 0, 64,,,,1,1,2,0,167,1225,93,,321,,970019,19,0203,10,,80,642,11,H,0
91WN01639, 91101840,91,10,S1840,1,18,07,007,2,2,5,4,2.0,2,2,2,96,123,27,122,100,714, 9, 0, 0, 0, 73,,,,1,1,2,0,167,1225,,,,,970019,19,0203,10,,98,710,11,1,104
91WN01640, 91101841,91,10,S1841,1,18,07,002,1,1,1,1,3.0,3,3,3,96,130,1,123,87,575, 0, 0, 0, 0, 58,,,,,1,,0,132,796,93,95,266,3,004310,10,9159,19,,81,429,12,3,87
91WN01641, 91101842,91,10,S1842,3,18,07,013,2,2,5,4,2.0,2,2,3,96,129,15,109,76,505, 0, 0, 0, 0, 54,,,,,1,,0,167,902,93,,281,3,990819,19,9987,19,,71,515,18,3,80
91WN01642, 91101843,91,10,S1843,3,18,07,013,2,2,5,6,2.0,2,2,3,96,129,15,93,67,447, 0, 0, 0, 0, 44,,,,,1,,0,167,902,93,,281,3,990819,19,9987,19,,63,509,18,3,72
91WN01643, 91101844,91,10,S1844,2,18,07,010,2,2,5,5,4.0,4,4,2,96,123,28,82,72,519, 4, 0, 0, 0, 57,035,,,2,1,1,0,164,911,93,95,281,,980719,19,7868,19,,70,557,18,2,85
91WN01644, 91101845,91,10,S1845,2,18,07,010,2,2,5,5,4.0,4,4,2,96,123,23,90,83,602, 5, 0, 0, 0, 60,r-4,,,2,1,1,0,164,911,,95,,,980719,19,7868,19,,81,640,18,1,95
91WN01645, 91101846,91,10,S1846,2,18,07,015,1,1,1,1,4.0,4,4,3,96,129,6,114,83,555, 0, 0, 0, 0, 58,r-2,,,,1,,0,152,1066,,18,,3,997519,19,8032,19,,78,525,11,1,80
91WN01646, 91101847,91,10,S1847,1,18,07,011,1,1,1,1,2.0,2,2,2,96,123,13,126,85,589, 9, 0, 0, 0, 64,,,,2,1,5,0,134,770,93,,266,,982619,19,0031,10,,83,440,12,3,91
91WN01647, 91101848,91,10,S1848,2,18,42,001,1,1,1,1,2.0,2,2,2,96,123,1,118,79,546, 9, 0, 0,?, 62,r-2,,,1,1,3,0,134,777,,,,,062110,10,9690,19,,77,515,12,1,89
91WN01648, 91101849,91,10,S1849,1,18,42,004,2,2,5,5,6.0,6,4,3,96,128,8,124,61,380, 0, 0, 0, 0, 46,,,,,1,,0,177,1044,93,,266,3,065310,10,6730,19,,58,385,18,3,64
91WN01649, 91101850,91,10,S1850,1,18,42,004,2,2,5,5,6.0,6,4,3,96,128,8,140,86,563, 0, 0, 0, 0, 62,,,,,1,,0,177,1044,,,,3,065310,10,6730,19,,82,568,18,1,83
91WN01650, 91101851,91,10,S1851,2,18,07,012,1,1,1,1,3.0,3,3,3,96,130,3,106,96,657, 0, 0, 0, 0, 62,r-4,,,,1,,0,132,851,,,,3,985019,19,8742,19,,89,627,12,1,101
91WN01651, 91101852,91,10,S1852,1,18,07,013,1,1,1,1,3.0,3,3,2,96,123,16,128,91,636, 8, 0, 0, 0, 70,,,,2,1,7,0,160,1056,93,,266,,990819,19,9237,19,,89,483,11,3,100
91WN01652, 91101853,91,10,S1853,3,18,07,009,2,1,3,2,3.0,3,3,3,96,129,7,90,68,457, 0, 0, 0, 0, 47,,,,,1,,0,160,875,93,,281,3,978119,19,9406,19,,64,436,12,3,71
91WN01653, 91101855,91,10,S1855,3,18,07,011,2,2,5,5,2.0,2,2,2,96,123,13,92,80,576, 9, 0, 0, 0, 60,,,,1,1,1,0,184,1139,93,,321,,982619,19,9852,19,,78,611,11,H,0
91WN01654, 91101856,91,10,S1856,3,18,07,011,2,2,5,5,2.0,2,2,2,96,77,0,87,53,575, 0, 0, 0, 0, 53,,,,,1,,0,184,1139,19,,201,,982619,19,9852,19,,78,,11,6,0
91WN01655, 91101857,91,10,S1857,3,18,07,011,1,1,1,1,3.0,3,3,2,96,123,1,123,95,672, 9, 0, 0, 0, 74,,,,1,1,1,0,160,894,93,,281,,982619,19,9078,19,,93,598,12,3,106
91WN01656, 91101859,91,10,S1859,1,18,07,007,3,2,8,5,6.0,6,4,2,96,123,17,88,76,546,13, 0, 0, 0, 53,Rum,,,2,1,5,0,147,761,,,,,970019,19,6516,19,,74,544,12,9,0
91WN01657, 91101860,91,10,S1860,2,18,07,007,3,2,8,5,6.0,6,4,2,96,123,25,81,65,463, 0, 0, 0, 0, 51,OUT,,,,1,,0,147,761,93,16,281,,970019,19,6516,19,,64,501,12,3,66
91WN01658, 91101861,91,10,S1861,2,18,42,003,2,2,5,4,7.0,7,5,2,96,123,21,106,71,491, 8, 0, 0, 0, 51,r-5,,,1,1,1,0,180,1145,,,,,068010,10,5598,19,,70,524,11,1,82
91WN01659, 91101862,91,10,S1862,1,18,42,003,2,2,5,6,7.0,7,5,2,96,123,22,80,72,520, 9, 0, 0, 0, 57,,,,1,1,4,0,180,1145,93,,266,,068010,10,5598,19,,70,583,11,3,70
91WN01660, 91101863,91,10,S1863,3,18,42,004,2,2,5,5,5.0,5,4,3,96,128,20,112,78,522, 0, 0, 0, 0, 50,,,,,1,,0,140,925,93,,281,3,065310,10,7381,19,,74,558,12,3,79
91WN01661, 91101864,91,10,S1864,3,18,42,004,2,2,5,5,5.0,5,4,3,96,128,20,110,84,570, 0, 0, 0, 0, 53,,,,,1,,0,140,925,93,21,281,3,065310,10,7381,19,,79,606,12,3,80
91WN01662, 91101865,91,10,S1865,2,18,07,007,2,2,5,4,3.0,3,3,2,96,77,0,124,59,605, 0, 0, 0, 0, 59,,,,,1,,0,175,960,97,,227,,970019,19,8778,19,,85,,11,7,0
91WN01663, 91101866,91,10,S1866,2,18,07,007,2,2,5,6,3.0,3,3,2,96,123,1,98,78,554,10, 0, 0,+, 57,r-1,,,2,1,1,0,175,960,,,,,970019,19,8778,19,,76,609,11,1,73
91WN01664, 91101867,91,10,S1867,1,18,07,013,1,1,1,1,5.0,5,4,3,97,129,2,126,108,740, 0, 0, 0, 0, 72,,,,,1,,0,173,904,,,,3,990819,19,7032,19,,101,594,11,1,101
91WN01665, 91101868,91,10,S1868,3,18,07,013,2,2,5,4,3.0,3,3,7,97,129,1,121,87,581, 0, 0, 0, 0,  0,,,,,1,,,175,1163,93,,281,7,990819,19,9267,19,,82,,18,3,92
91WN01666, 91101869,91,10,S1869,2,18,07,013,2,2,5,6,3.0,3,3,7,97,129,1,96,72,484, 0, 0, 0, 0,  0,r-5,,,,1,,,175,1163,,,,7,990819,19,9267,19,,68,,18,1,77
91WN01667, 91101870,91,10,S1870,3,18,07,002,1,1,1,1,3.0,3,3,3,97,127,7,119,106,741, 0, 0, 0, 0, 78,,,,,1,,0,146,1076,93,,281,3,004310,10,8917,19,,101,671,11,3,107
91WN01668, 91101871,91,10,S1871,2,18,07,009,2,2,5,5,3.0,3,3,7,97,129,1,90,69,465, 0, 0, 0, 0,  0,r-1,,,,1,,,160,1067,,,,7,978119,19,8806,19,,65,,11,1,74
91WN01669, 91101872,91,10,S1872,3,18,07,009,2,2,5,5,3.0,3,3,7,97,129,1,96,69,460, 0, 0, 0, 0,  0,,,,,1,,,160,1067,93,,281,7,978119,19,8806,19,,65,,11,3,74
91WN01670, 91101873,91,10,S1873,2,18,07,014,3,2,8,5,5.0,5,4,3,97,128,18,78,74,517, 0, 0, 0, 0, 45,r-2,,,,1,,0,162,845,,,,3,994119,19,7273,19,,70,561,12,1,76
91WN01671, 91101874,91,10,S1874,2,18,07,014,3,2,8,5,5.0,5,4,3,97,128,17,75,63,434, 0, 0, 0, 0, 41,,,,,1,,0,162,845,93,,281,3,994119,19,7273,19,,60,478,12,3,73
91WN01672, 91101876,91,10,S1876,1,18,07,005,2,2,5,5,2.0,2,2,2,97,122,3,94,72,513,10, 0, 0, 0, 49,,,,2,1,5,0,167,1056,93,,321,,962319,19,9946,19,,71,517,12,H,0
91WN01673, 91101877,91,10,S1877,1,18,07,005,2,2,5,5,2.0,2,2,2,97,122,27,89,74,534, 9, 0, 0, 0, 56,,,,2,1,2,0,167,1056,93,,266,,962319,19,9946,19,,73,534,12,3,77
91WN01674, 91101878,91,10,S1878,1,18,42,001,1,1,1,1,7.0,7,5,2,97,122,26,128,98,698, 9, 0, 0, 0, 77,,,,2,1,2,0,135,1084,,,,,062110,10,6081,19,,97,553,12,1,102
91WN01675, 91101879,91,10,S1879,1,18,07,013,2,2,5,5,3.0,3,3,3,97,129,14,98,78,529, 0, 0, 0, 0, 56,,,,,1,,0,146,947,93,,266,3,990819,19,8850,19,,73,533,11,3,83
91WN01676, 91101880,91,10,S1880,2,18,07,013,2,2,5,5,3.0,3,3,3,97,129,13,88,82,567, 0, 0, 0, 0, 57,r-1,,,,1,,0,146,947,,,,3,990819,19,8850,19,,77,612,11,1,83
91WN01677, 91101881,91,10,S1881,1,18,07,005,3,1,7,2,6.0,6,4,3,97,127,17,112,103,723, 0, 0, 0, 0, 67,,,,,1,,0,177,1125,01,,365,3,962319,19,6761,19,,98,625,18,1,101
91WN01678, 91101884,91,10,S1884,2,18,07,013,2,1,3,2,2.0,2,2,3,97,128,1,111,96,663, 0, 0, 0, 0, 64,r-4,,,,1,,0,167,809,,,,3,990819,19,0183,10,,91,654,18,1,97
91WN01679, 91101885,91,10,S1885,2,18,07,006,1,1,1,1,3.0,3,3,3,97,128,17,105,90,621, 0, 0, 0, 0, 62,r-4,,,,1,,0,146,1022,,,,3,966019,19,9296,19,,85,589,12,1,96
91WN01680, 91101889,91,10,S1889,2,18,07,007,2,2,5,5,3.0,3,3,2,97,122,20,110,83,590, 9, 0, 0,+, 62,r-4,,,2,1,1,0,175,1279,,,,,970019,19,8673,19,,82,628,11,1,96
91WN01681, 91101890,91,10,S1890,1,18,07,007,2,2,5,5,3.0,3,3,2,97,122,11,103,94,686, 9, 0, 0, 0, 68,,,,2,1,1,0,175,1279,,,,,970019,19,8673,19,,93,685,11,1,97
91WN01682, 91101891,91,10,S1891,3,18,07,010,1,1,1,1,2.0,2,2,3,97,127,4,103,76,517, 0, 0, 0, 0, 55,,,,,1,,0,150,959,93,,321,3,980719,19,9579,19,,72,451,12,H,0
91WN01683, 91101892,91,10,S1892,3,18,07,002,2,2,5,5,5.0,5,4,2,97,122,15,74,68,497, 9, 0, 0, 0, 50,,,,1,1,1,0,151,919,93,,321,,004310,10,7370,19,,67,528,12,H,0
91WN01684, 91101893,91,10,S1893,3,18,07,002,2,2,5,5,5.0,5,4,2,97,122,1,80,65,467, 8, 0, 0, 0, 49,,,,2,1,2,0,151,919,93,,321,,004310,10,7370,19,,64,500,12,*,78
91WN01685, 91101894,91,10,S1894,2,18,07,015,1,1,1,1,2.0,2,2,3,97,128,5,101,84,577, 0, 0, 0, 0, 63,r-3,,,,1,,0,150,987,,21,,3,997519,19,9626,19,,79,550,11,1,87
91WN01686, 91101895,91,10,S1895,2,18,07,006,1,1,1,1,6.0,6,4,2,97,122,1,118,93,666, 8, 0, 0, 0, 71,r-2,,,1,1,1,0,137,904,,,,,966019,19,6442,19,,92,631,12,1,100
91WN01687, 91101896,91,10,S1896,1,18,07,012,1,1,1,1,5.0,5,4,3,97,129,5,124,103,702, 0, 0, 0, 0, 69,,,,,1,,0,140,902,,,,3,985019,19,6996,19,,97,556,11,1,105
91WN01688, 91101897,91,10,S1897,1,18,07,009,2,2,5,5,2.0,2,2,2,97,122,29,118,70,477,11, 0, 0, 0, 56,,,,2,1,1,0,184,1123,93,,266,,978119,19,9991,19,,69,477,11,3,83
91WN01689, 91101898,91,10,S1898,2,18,07,009,2,2,5,5,2.0,2,2,2,97,122,21,101,80,573,12, 0, 0, 0, 64,r-1,,,1,1,1,0,184,1123,,,,,978119,19,9991,19,,79,615,11,1,93
91WN01690, 91101899,91,10,S1899,2,18,42,004,1,1,1,1,7.0,7,5,2,97,122,1,120,89,631, 5, 0, 0,?, 68,r-4,,,1,1,1,0,144,1154,,,,,065310,10,5671,19,,88,605,11,1,98
91WN01691, 91101900,91,10,S1900,2,18,42,004,2,2,5,6,5.0,5,4,3,97,128,1,96,74,503, 0, 0, 0,+, 52,r-3,,,,1,,0,162,1113,,21,,3,065310,10,7434,19,,70,563,18,1,70
91WN01692, 91101901,91,10,S1901,1,18,42,004,2,2,5,4,5.0,5,4,3,97,128,1,119,72,470, 0, 0, 0, 0, 47,,,,,1,,0,162,1113,93,,266,3,065310,10,7434,19,,68,471,18,3,71
91WN01693, 91101903,91,10,S1903,1,18,42,003,2,1,3,2,3.0,3,3,2,97,122,6,100,86,623,10, 0, 0, 0, 65,,,,1,1,1,0,160,958,93,95,266,,068010,10,9151,19,,85,521,11,3,88
91WN01694, 91101904,91,10,S1904,2,18,07,011,2,2,5,5,6.0,6,4,2,97,122,1,104,81,579,10, 0, 0, 0, 60,r-5,,,1,1,1,0,127,889,,,,,982619,19,6615,19,,80,620,12,1,87
91WN01695, 91101905,91,10,S1905,1,18,07,011,2,2,5,5,6.0,6,4,2,97,122,17,105,78,553, 9, 0, 0, 0, 58,,,,1,1,1,0,127,889,93,,321,,982619,19,6615,19,,77,551,12,H,0
91WN01696, 91101908,91,10,S1908,1,18,07,013,1,1,1,1,2.0,2,2,3,98,128,5,124,97,661, 0, 0, 0, 0, 62,,,,,1,,0,150,980,,,,3,990819,19,9883,19,,92,518,11,1,95
91WN01697, 91101909,91,10,S1909,2,18,07,005,2,2,5,6,3.0,3,3,3,98,126,21,84,67,465, 0, 0, 0, 0, 42,,,,,1,,0,175,941,93,,281,3,962319,19,8772,19,,64,522,11,3,74
91WN01698, 91101910,91,10,S1910,2,18,07,005,2,2,5,4,3.0,3,3,3,98,126,20,100,88,619, 0, 0, 0, 0, 51,r-3,,,,1,,0,175,941,,,,3,962319,19,8772,19,,84,647,11,1,81
91WN01699, 91101911,91,10,S1911,2,18,07,010,1,1,1,1,3.0,3,3,3,98,126,4,118,82,557, 0, 0, 0, 0, 59,r-3,,,,1,,0,146,774,,,,3,980719,19,8683,19,,79,526,12,1,87
91WN01700, 91101912,91,10,S1912,1,18,42,004,1,1,1,1,3.0,3,3,2,98,121,6,130,92,653, 9, 0, 0, 0, 75,,,,1,1,7,0,160,1065,93,,266,,065310,10,9040,19,,91,500,18,3,95
91WN01701, 91101913,91,10,S1913,2,18,07,010,2,2,5,5,3.0,3,3,7,98,128,1,96,69,464, 0, 0, 0, 0,  0,r-1,,,,1,,,160,1011,,,,7,980719,19,9194,19,,65,,18,1,74
91WN01702, 91101914,91,10,S1914,3,18,07,010,2,2,5,5,3.0,3,3,7,98,128,1,103,87,599, 0, 0, 0, 0,  0,,,,,1,,,160,1011,93,,281,7,980719,19,9194,19,,82,,18,3,92
91WN01703, 91101915,91,10,S1915,1,18,42,004,2,2,5,5,3.0,3,3,3,98,126,15,110,81,556, 0, 0, 0, 0, 60,,,,,1,,0,146,943,93,,266,3,065310,10,8763,19,,78,559,11,3,84
91WN01704, 91101916,91,10,S1916,1,18,42,004,2,2,5,5,3.0,3,3,3,98,126,16,105,77,528, 0, 0, 0, 0, 50,,,,,1,,0,146,943,93,,266,3,065310,10,8763,19,,74,531,11,3,77
91WN01705, 91101917,91,10,S1917,2,18,07,015,2,2,5,5,6.0,6,4,3,98,126,20,110,66,437, 0, 0, 0, 0, 45,,,,,1,,0,147,952,93,,281,3,997519,19,6568,19,,63,481,18,3,68
91WN01706, 91101918,91,10,S1918,1,18,07,015,2,2,5,5,6.0,6,4,3,98,126,21,128,78,517, 0, 0, 0, 0, 52,,,,,1,,0,147,952,93,,266,3,997519,19,6568,19,,75,520,18,3,73
91WN01707, 91101919,91,10,S1919,2,18,07,008,2,1,3,2,3.0,3,3,3,98,128,1,104,93,645, 0, 0, 0,+, 65,r-5,,,,1,,0,160,934,,,,3,973619,19,9192,19,,88,632,11,1,91
91WN01708, 91101921,91,10,S1921,2,18,07,009,2,2,5,6,2.0,2,2,3,98,127,19,92,70,479, 0, 0, 0, 0, 51,r-1,,,,1,,0,184,1130,,,,3,978119,19,9727,19,,67,540,18,1,82
91WN01709, 91101922,91,10,S1922,3,18,07,009,2,2,5,4,2.0,2,2,3,98,127,1,110,85,583, 0, 0, 0, 0, 58,,,,,1,,0,184,1130,93,,281,3,978119,19,9727,19,,81,595,18,3,83
91WN01710, 91101923,91,10,S1923,1,18,07,005,2,2,5,5,5.0,5,4,3,98,127,14,124,87,587, 0, 0, 0, 0, 56,,,,,1,,0,184,1011,93,,266,3,962319,19,7456,19,,83,591,11,3,87
91WN01711, 91101924,91,10,S1924,1,18,07,005,2,2,5,5,5.0,5,4,3,98,127,14,110,71,472, 0, 0, 0, 0, 47,,,,,1,,0,184,1011,93,,266,3,962319,19,7456,19,,68,476,11,3,74
91WN01712, 91101925,91,10,S1925,2,18,07,009,2,2,5,4,5.0,5,4,3,98,127,7,108,74,498, 0, 0, 0, 0, 58,r-2,,,,1,,0,140,921,,21,,3,978119,19,7062,19,,71,529,12,1,69
91WN01713, 91101926,91,10,S1926,3,18,07,009,2,2,5,6,5.0,5,4,3,98,127,4,88,64,435, 0, 0, 0, 0, 44,,,,,1,,0,140,921,93,,281,3,978119,19,7062,19,,61,494,12,3,63
91WN01714, 91101927,91,10,S1927,2,18,07,008,2,2,5,6,4.0,4,4,3,98,127,18,90,103,740, 0, 0, 0,?, 65,r-5,,,,1,,0,164,1097,,,,3,973619,19,8054,19,,98,798,12,1,109
91WN01715, 91101928,91,10,S1928,1,18,07,008,2,2,5,4,4.0,4,4,3,98,127,6,112,69,455, 0, 0, 0, 0, 55,,,,,1,,0,164,1097,93,,266,3,973619,19,8054,19,,66,455,12,3,70
91WN01716, 91101929,91,10,S1929,2,18,07,006,2,1,3,2,7.0,7,5,2,98,121,8,101,81,586, 8, 0, 0, 0, 62,r-4,,,1,1,1,0,153,981,,,,,966019,19,6040,19,,80,576,12,1,89
91WN01717, 91101931,91,10,S1931,2,18,42,003,2,1,3,2,3.0,3,3,3,98,128,5,94,88,614, 0, 0, 0, 0, 59,r-4,,,,1,,0,160,1024,,21,,3,068010,10,9190,19,,83,600,12,1,89
91WN01718, 91101933,91,10,S1933,1,18,07,005,2,2,5,5,5.0,5,4,3,98,128,14,112,94,647, 0, 0, 0, 0, 64,,,,,1,,0,162,1014,,,,3,962319,19,7621,19,,89,651,18,1,99
91WN01719, 91101934,91,10,S1934,2,18,07,005,2,2,5,5,5.0,5,4,3,98,128,15,106,88,605, 0, 0, 0, 0, 59,r-4,,,,1,,0,162,1014,,,,3,962319,19,7621,19,,83,650,18,1,86
91WN01720, 91101935,91,10,S1935,2,18,42,003,2,2,5,5,4.0,4,4,3,98,127,1,99,67,450, 0, 0, 0, 0, 47,,,,,1,,0,164,938,93,,281,3,068010,10,8304,19,,64,496,12,3,62
91WN01721, 91101936,91,10,S1936,2,18,42,003,2,2,5,5,4.0,4,4,3,98,127,1,102,73,494, 0, 0, 0, 0, 51,r-3,,,,1,,0,164,938,,,,3,068010,10,8304,19,,70,540,12,1,76
91WN01722, 91101937,91,10,S1937,2,18,07,011,2,2,5,5,3.0,3,3,2,98,121,19,78,75,555, 9, 0, 0, 0, 56,r-3,,,2,1,1,0,160,1108,,,,,982619,19,8659,19,,74,593,18,1,91
91WN01723, 91101938,91,10,S1938,3,18,07,011,2,2,5,5,3.0,3,3,2,98,121,19,80,82,612, 9, 0, 0, 0, 62,,,,2,1,1,0,160,1108,93,,321,,982619,19,8659,19,,81,642,18,H,0
91WN01724, 91101939,91,10,S1939,3,18,07,014,2,2,5,4,3.0,3,3,3,99,126,13,110,76,516, 0, 0, 0, 0, 53,,,,,1,,0,203,1154,93,,281,3,994119,19,8733,19,,73,522,11,3,75
91WN01725, 91101940,91,10,S1940,3,18,07,014,2,2,5,6,3.0,3,3,3,99,126,12,94,67,457, 0, 0, 0, 0, 43,,,,,1,,0,203,1154,93,,281,3,994119,19,8733,19,,64,515,11,3,67
91WN01726, 91101942,91,10,S1942,2,18,07,011,2,1,3,2,3.0,3,3,1,99,119,34,104,79,576,12, 0, 0, 0, 61,r-1,,,1,1,1,0,175,1031,,,,,982619,19,9272,19,,80,573,11,1,89
91WN01727, 91101943,91,10,S1943,2,18,07,005,1,1,1,1,3.0,3,3,3,99,126,6,106,85,590, 0, 0, 0, 0, 58,r-5,,,,1,,0,146,1001,,,,3,962319,19,9165,19,,81,559,11,1,87
91WN01728, 91101944,91,10,S1944,2,18,07,006,2,2,5,6,5.0,5,4,3,99,125,4,77,62,434, 0, 0, 0, 0, 41,,,,,1,,0,151,862,93,,281,3,966019,19,7465,19,,60,493,12,3,65
91WN01729, 91101945,91,10,S1945,3,18,07,006,2,2,5,4,5.0,5,4,3,99,125,5,100,81,568, 0, 0, 0, 0, 54,,,,,1,,0,151,862,93,,281,3,966019,19,7465,19,,78,575,12,3,80
91WN01730, 91101946,91,10,S1946,2,18,07,014,2,1,3,2,2.0,2,2,1,99,119,22,84,63,459, 9, 0, 0, 0, 44,037,,,2,1,1,0,167,955,92,,262,,994119,19,9737,19,,63,462,11,2,78
91WN01731, 91101948,91,10,S1948,2,18,07,011,2,1,3,2,3.0,3,3,1,99,119,21,87,58,414,10, 0, 0, 0, 43,,,,1,1,1,0,189,907,04,,244,,982619,19,8844,19,,58,413,11,6,0
91WN01732, 91101950,91,10,S1950,1,18,07,002,1,1,1,1,4.0,4,4,3,99,126,4,130,80,532, 0, 0, 0, 0, 58,,,,,1,,0,139,650,93,,266,3,004310,10,8273,19,,77,385,12,3,86
91WN01733, 91101951,91,10,S1951,2,18,07,005,1,1,1,1,2.0,2,2,3,99,125,20,115,83,572, 0, 0, 0, 0, 53,r-5,,,,1,,0,150,781,,,,3,962319,19,9774,19,,80,543,12,1,87
91WN01734, 91101952,91,10,S1952,1,18,07,007,2,2,5,5,3.0,3,3,1,99,119,1,118,73,514, 9, 0, 0, 0, 51,,,,1,1,2,0,189,1172,93,,321,,970019,19,9429,19,,74,534,18,H,0
91WN01735, 91101953,91,10,S1953,2,18,07,007,2,2,5,5,3.0,3,3,1,99,119,5,112,72,511, 9, 0, 0,+, 55,r-2,,,1,1,1,0,189,1172,,,,,970019,19,9429,19,,73,571,18,1,85
91WN01736, 91101954,91,10,S1954,1,18,42,003,2,2,5,5,5.0,5,4,3,99,127,10,124,65,414, 0, 0, 0, 0, 47,,,,,1,,0,162,1204,93,,266,3,068010,10,7418,19,,62,418,11,3,67
91WN01737, 91101955,91,10,S1955,1,18,42,003,2,2,5,5,5.0,5,4,3,99,127,10,132,92,620, 0, 0, 0, 0, 65,,,,,1,,0,162,1204,,,,3,068010,10,7418,19,,88,624,11,1,94
91WN01738, 91101956,91,10,S1956,2,18,07,015,2,2,5,4,2.0,2,2,3,99,125,20,95,73,508, 0, 0, 0, 0, 46,r-3,,,,1,,0,167,915,,16,,3,997519,19,0041,10,,70,540,11,1,76
91WN01739, 91101957,91,10,S1957,3,18,07,015,2,2,5,6,2.0,2,2,3,99,125,21,75,70,500, 0, 0, 0, 0, 44,,,,,1,,0,167,915,93,14,281,3,997519,19,0041,10,,68,560,11,3,71
91WN01740, 91101959,91,10,S1959,3,18,07,008,3,1,7,2,2.0,2,2,3,99,127,6,90,98,701, 0, 0, 0, 0, 61,,,,,1,,0,200,1024,93,,281,3,973619,19,9693,19,,93,684,11,3,105
91WN01741, 91101961,91,10,S1961,2,18,07,015,2,1,3,2,2.0,2,2,3,99,126,4,81,65,452, 0, 0, 0, 0, 47,,,,,1,,0,184,1031,93,,281,3,997519,19,0065,10,,62,442,12,3,66
91WN01742, 91101962,91,10,S1962,3,18,07,015,2,1,3,2,2.0,2,2,1,99,119,18,94,80,593,10, 0, 0, 0, 59,,,,1,1,2,0,184,1031,93,,321,3,997519,19,0065,10,,81,589,12,H,0
91WN01743, 91101963,91,10,S1963,2,18,42,004,2,2,5,7,3.0,3,3,3,99,127,12,91,71,487, 0, 0, 0,+, 47,r-4,,,,1,,0,189,1261,,95,,3,065310,10,9156,19,,68,545,11,1,72
91WN01744, 91101964,91,10,S1964,3,18,42,004,2,2,5,3,3.0,3,3,3,99,127,13,124,77,509, 0, 0, 0, 0, 57,,,,,1,,0,189,1261,93,,281,3,065310,10,9156,19,,73,515,11,3,77
91WN01745, 91101965,91,10,S1965,3,18,07,008,2,2,5,4,2.0,2,2,1,99,119,8,125,88,634, 6, 0, 0, 0, 63,,,,2,1,1,0,167,1170,93,21,281,,973619,19,9801,19,,89,660,11,3,85
91WN01746, 91101966,91,10,S1966,2,18,07,008,2,2,5,6,2.0,2,2,1,99,119,8,99,64,455, 9, 0, 0, 0, 46,036,,,2,1,1,0,167,1170,92,,262,,973619,19,9801,19,,64,533,11,2,81
91WN01747, 91101967,91,10,S1967,3,18,42,004,1,1,1,1,2.0,2,2,3,99,125,10,131,82,551, 0, 0, 0, 0, 61,,,,,1,,0,150,964,93,16,321,3,065310,10,9765,19,,79,484,12,H,0
91WN01748, 91101968,91,10,S1968,1,18,42,004,2,2,5,5,7.0,7,5,1,99,119,4,118,84,607, 9, 0, 0, 0, 63,,,,2,1,4,0,162,1051,93,,266,,065310,10,5970,19,,85,636,12,3,88
91WN01749, 91101969,91,10,S1969,1,18,42,004,2,2,5,5,7.0,7,5,1,99,119,11,108,53,355, 8, 0, 0, 0, 40,,,,1,1,6,0,162,1051,93,,266,,065310,10,5970,19,,53,383,12,3,63
91WN01750, 91101970,91,10,S1970,2,18,07,009,1,1,1,1,2.0,2,2,3,100,124,10,96,85,608, 0, 0, 0, 0, 63,r-2,,,,1,,0,167,788,,,,3,978119,19,9822,19,,83,580,11,1,88
91WN01751, 91101972,91,10,S1972,2,18,07,010,3,2,8,5,5.0,5,4,3,100,124,10,81,68,483, 0, 0, 0, 0, 48,,,,,1,,0,184,950,93,16,281,3,980719,19,6942,19,,66,527,11,3,69
91WN01752, 91101973,91,10,S1973,3,18,07,010,3,2,8,5,5.0,5,4,3,100,124,8,84,64,448, 0, 0, 0, 0, 42,,,,,1,,0,184,950,93,,281,3,980719,19,6942,19,,62,485,11,3,66
91WN01753, 91101974,91,10,S1974,1,18,07,002,2,2,5,5,5.0,5,4,1,100,118,19,111,71,508, 9, 0, 0, 0, 49,,,,2,1,1,0,173,919,93,,266,,004310,10,7191,19,,72,526,18,3,80
91WN01754, 91101975,91,10,S1975,3,18,07,002,2,2,5,5,5.0,5,4,1,100,118,13,99,76,560, 9, 0, 0, 0, 54,,,,2,1,1,0,173,919,93,,321,,004310,10,7191,19,,77,611,18,H,0
91WN01755, 91101976,91,10,S1976,2,18,07,009,1,1,1,1,3.0,3,3,3,100,124,4,98,76,534, 0, 0, 0, 0, 46,r-4,,,,1,,0,160,883,,,,3,978119,19,8995,19,,74,503,12,1,80
91WN01756, 91101977,91,10,S1977,2,18,07,006,1,1,1,1,3.0,3,3,3,100,125,4,104,92,653, 0, 0, 0, 0, 65,r-5,,,,1,,0,146,973,,16,,3,966019,19,9036,19,,89,622,18,1,89
91WN01757, 91101978,91,10,S1978,2,18,07,010,2,2,5,5,2.0,2,2,3,100,125,1,86,68,475, 0, 0, 0, 0, 41,,,,,1,,0,167,1109,93,,281,3,980719,19,9696,19,,66,524,11,3,67
91WN01758, 91101979,91,10,S1979,1,18,07,010,2,2,5,5,2.0,2,2,3,100,125,1,98,74,514, 0, 0, 0, 0, 49,,,,,1,,0,167,1109,93,,266,3,980719,19,9696,19,,71,523,11,3,75
91WN01759, 91101980,91,10,S1980,1,18,07,007,1,1,1,1,3.0,3,3,1,100,118,11,140,101,737, 6, 0, 0, 0, 70,,,,2,1,2,0,146,960,93,,266,,970019,19,8950,19,,102,604,12,3,109
91WN01760, 91101981,91,10,S1981,1,18,07,002,1,1,1,1,7.0,7,5,1,100,118,12,130,80,568,14, 0, 0, 0, 62,,,,2,1,6,0,126,769,93,,266,,004310,10,5849,19,,81,444,12,3,92
91WN01761, 91101982,91,10,S1982,2,18,07,011,2,2,5,5,5.0,5,4,1,100,118,28,91,65,474, 9, 0, 0, 0, 47,036,,,2,1,1,0,173,1169,92,,262,,982619,19,6954,19,,66,531,11,2,80
91WN01762, 91101983,91,10,S1983,2,18,07,011,2,2,5,5,5.0,5,4,1,100,118,28,93,70,514,10, 0, 0, 0, 47,035,,,2,1,1,0,173,1169,93,99,281,,982619,19,6954,19,,71,571,11,2,83
91WN01763, 91101986,91,10,S1986,2,18,07,015,2,2,5,4,4.0,4,4,3,100,126,8,110,81,556, 0, 0, 0, 0, 52,r-2,,,,1,,0,177,1127,,,,3,997519,19,8272,19,,78,586,18,1,85
91WN01764, 91101987,91,10,S1987,2,18,07,015,2,2,5,6,4.0,4,4,3,100,126,8,91,78,547, 0, 0, 0, 0, 49,r-4,,,,1,,0,177,1127,,,,3,997519,19,8272,19,,75,606,18,1,82
91WN01765, 91101989,91,10,S1989,2,18,07,012,2,1,3,2,7.0,7,5,1,100,118,15,99,83,619, 8, 0, 0, 0, 63,r-2,,,2,1,2,0,144,1018,,,,,985019,19,5478,19,,84,628,12,1,95
91WN01766, 91101990,91,10,S1990,1,18,07,013,2,2,5,4,3.0,3,3,3,100,125,13,108,79,546, 0, 0, 0, 0, 50,,,,,1,,0,160,1086,93,,266,3,990819,19,9091,19,,76,544,12,3,82
91WN01767, 91101991,91,10,S1991,2,18,07,013,2,2,5,6,3.0,3,3,3,100,125,11,88,65,450, 0, 0, 0, 0, 46,,,,,1,,0,160,1086,93,,281,3,990819,19,9091,19,,63,508,12,3,68
91WN01768, 91101992,91,10,S1992,2,18,07,006,2,2,5,6,3.0,3,3,3,100,126,12,108,75,510, 0, 0, 0, 0, 47,r-5,,,,1,,0,175,1204,,,,3,966019,19,9168,19,,72,568,11,1,79
91WN01769, 91101993,91,10,S1993,2,18,07,006,2,2,5,4,3.0,3,3,3,100,73,0,128,54,564, 0, 0, 0, 0, 54,,,,,1,,0,175,1204,97,,227,3,966019,19,9168,19,,81,,11,7,0
91WN01770, 91101994,91,10,S1994,2,18,07,006,1,1,1,1,2.0,2,2,3,101,123,3,150,105,732, 0, 0, 0, 0, 71,r-5,,,,1,,0,150,1045,,,,3,966019,19,0122,10,,103,705,18,1,114
91WN01771, 91101995,91,10,S1995,1,18,07,010,3,2,8,5,5.0,5,4,3,101,123,16,108,92,660, 0, 0, 0, 0, 61,,,,,1,,0,151,970,93,,266,3,980719,19,7112,19,,90,663,18,3,96
91WN01772, 91101996,91,10,S1996,1,18,07,010,3,2,8,5,5.0,5,4,3,101,123,16,96,82,589, 0, 0, 0, 0, 56,,,,,1,,0,151,970,93,,266,3,980719,19,7112,19,,80,592,18,3,82
91WN01773, 91101998,91,10,S1998,1,18,07,010,2,2,5,5,2.0,2,2,3,101,123,5,105,78,549, 0, 0, 0, 0, 50,,,,,1,,0,167,1112,93,,266,3,980719,19,0020,10,,76,557,11,3,82
91WN01774, 91101999,91,10,S1999,1,18,07,010,2,2,5,5,2.0,2,2,3,101,123,3,100,75,528, 0, 0, 0, 0, 50,,,,,1,,0,167,1112,93,,266,3,980719,19,0020,10,,73,536,11,3,79
91WN01775, 91102000,91,10,S2000,3,18,07,005,3,1,7,2,4.0,4,4,1,101,117,16,88,81,617, 9, 0, 0, 0, 61,,,,1,1,1,0,164,1056,93,,321,3,962319,19,8376,19,,83,609,12,H,0
91WN01776, 91102001,91,10,S2001,2,18,07,005,3,1,7,2,4.0,4,4,3,101,124,19,108,94,671, 0, 0, 0, 0, 63,r-1,,,,1,,0,164,1056,,,,3,962319,19,8376,19,,91,655,12,1,96
91WN01777, 91102002,91,10,S2002,2,18,07,005,3,1,7,2,4.0,4,4,1,101,117,1,88,66,489, 7, 0, 0, 0, 49,,,,1,1,1,0,164,1056,93,99,281,3,962319,19,8376,19,,67,490,12,3,79
91WN01778, 91102003,91,10,S2003,3,18,07,015,1,1,1,1,2.0,2,2,3,101,124,1,118,86,598, 0, 0, 0, 0, 60,,,,,1,,0,150,966,93,,281,3,997519,19,0060,10,,84,532,18,3,85
91WN01779, 91102004,91,10,S2004,2,18,42,003,1,1,1,1,4.0,4,4,3,101,124,19,128,75,502, 0, 0, 0, 0, 54,r-2,,,,1,,0,152,947,,,,3,068010,10,8045,19,,73,469,11,1,82
91WN01780, 91102005,91,10,S2005,1,18,42,001,3,2,8,3,6.0,6,4,1,101,117,29,102,72,528, 8, 0, 0, 0, 54,,,,2,1,4,0,197,1193,93,,266,,062110,10,6575,19,,74,539,18,3,81
91WN01781, 91102006,91,10,S2006,2,18,42,001,3,2,8,7,6.0,6,4,1,101,117,29,70,48,350, 7, 0, 0, 0, 38,038,,,2,1,1,0,197,1193,92,,262,,062110,10,6575,19,,49,421,18,2,63
91WN01782, 91102008,91,10,S2008,2,18,07,015,3,2,8,5,5.0,5,4,3,101,123,20,88,70,498, 0, 0, 0, 0, 49,,,,,1,,0,184,885,93,,281,3,997519,19,7348,19,,69,541,18,3,71
91WN01783, 91102010,91,10,S2010,2,18,07,015,3,2,8,5,5.0,5,4,3,101,123,20,92,76,543, 0, 0, 0, 0, 52,r-5,,,,1,,0,184,885,,,,3,997519,19,7348,19,,74,586,18,1,77
91WN01784, 91102011,91,10,S2011,2,18,07,010,1,1,1,1,3.0,3,3,3,101,123,4,116,93,662, 0, 0, 0, 0, 59,r-1,,,,1,,0,146,870,,,,3,980719,19,9075,19,,91,631,12,1,97
91WN01785, 91102012,91,10,S2012,1,18,07,007,2,2,5,3,4.0,4,4,1,101,117,15,141,67,452,10, 0, 0, 0, 50,,,,1,1,5,0,164,1092,93,,266,,970019,19,8510,19,,68,465,12,3,75
91WN01786, 91102013,91,10,S2013,2,18,07,007,2,2,5,7,4.0,4,4,1,101,117,17,103,56,391,10, 0, 0, 0, 42,OUT,,,1,1,2,0,164,1092,93,,281,,970019,19,8510,19,,57,463,12,3,71
91WN01787, 91102015,91,10,S2015,2,18,07,006,2,1,3,2,2.0,2,2,3,101,124,6,71,72,523, 0, 0, 0, 0, 46,r-4,,,,1,,0,184,908,,,,3,966019,19,0196,10,,70,512,11,1,66
91WN01788, 91102016,91,10,S2016,2,18,07,005,2,2,5,4,6.0,6,4,1,101,117,21,74,74,569, 8, 0, 0, 0, 53,r-1,,,1,1,1,0,167,1287,,,,,962319,19,6462,19,,76,612,11,1,87
91WN01789, 91102017,91,10,S2017,2,18,07,005,2,2,5,6,6.0,6,4,1,101,72,0,59,52,640, 0, 0, 0, 0, 52,,,,,1,,0,167,1287,97,,227,,962319,19,6462,19,,83,,11,7,0
91WN01790, 91102020,91,10,S2020,1,18,07,011,2,2,5,5,6.0,6,4,1,101,117,7,112,80,588, 7, 0, 0, 0, 53,,,,2,1,2,0,157,1018,93,,266,,982619,19,6370,19,,82,607,18,3,87
91WN01791, 91102021,91,10,S2021,1,18,07,011,2,2,5,5,6.0,6,4,1,101,117,26,108,78,574, 9, 0, 0, 0, 55,,,,2,1,2,0,157,1018,,,,,982619,19,6370,19,,80,591,18,1,90
91WN01792, 91102022,91,10,S2022,2,18,42,004,2,2,5,5,3.0,3,3,3,101,124,7,101,59,394, 0, 0, 0, 0, 41,,,,,1,,0,175,1022,93,21,281,3,065310,10,8927,19,,57,439,11,3,61
91WN01793, 91102023,91,10,S2023,3,18,42,004,2,2,5,5,3.0,3,3,3,101,124,4,99,52,340, 0, 0, 0, 0, 41,,,,,1,,0,175,1022,93,,281,3,065310,10,8927,19,,51,377,11,3,52
91WN01794, 91102025,91,10,S2025,2,18,07,007,2,1,3,2,3.0,3,3,1,101,117,21,98,74,549, 8, 0, 0,+, 56,r-3,,,2,1,1,0,146,802,,,,,970019,19,9319,19,,76,547,12,1,87
91WN01795, 91102026,91,10,S2026,1,18,07,006,2,2,5,6,2.0,2,2,3,101,125,6,113,67,446, 0, 0, 0, 0, 40,,,,,1,,0,167,1089,93,,266,3,966019,19,9783,19,,65,510,12,3,71
91WN01796, 91102027,91,10,S2027,1,18,07,006,2,2,5,4,2.0,2,2,3,101,72,0,139,53,543, 0, 0, 0, 0, 53,,,,,1,,0,167,1089,10,,224,3,966019,19,9783,19,,79,,12,6,0
91WN01797, 91102028,91,10,S2028,2,18,07,011,2,2,5,5,6.0,6,4,1,102,116,24,112,66,472, 9, 0, 0, 0, 51,036,,,1,1,1,0,137,953,92,,262,,982619,19,6707,19,,68,529,11,2,82
91WN01798, 91102029,91,10,S2029,1,18,07,011,2,2,5,5,6.0,6,4,1,102,116,15,129,74,527, 8, 0, 0, 0, 48,,,,1,1,2,0,137,953,93,,266,,982619,19,6707,19,,76,545,11,3,87
91WN01799, 91102030,91,10,S2030,3,18,07,012,2,2,5,5,2.0,2,2,3,102,122,17,105,77,545, 0, 0, 0, 0, 52,,,,,1,,0,167,1181,93,95,321,3,985019,19,0026,10,,76,584,11,H,0
91WN01800, 91102031,91,10,S2031,3,18,07,012,2,2,5,5,2.0,2,2,3,102,122,16,121,85,598, 0, 0, 0, 0, 60,,,,,1,,0,167,1181,93,,321,3,985019,19,0026,10,,84,637,11,H,0
91WN01801, 91102032,91,10,S2032,2,18,07,007,2,1,3,2,4.0,4,4,1,102,116,22,110,76,560, 9, 0, 0,+, 60,r-4,,,2,1,1,0,177,816,,,,,970019,19,8225,19,,78,558,11,1,88
91WN01802, 91102034,91,10,S2034,3,18,42,003,2,2,5,4,5.0,5,4,3,102,124,2,122,88,611, 0, 0, 0, 0, 60,,,,,1,,0,162,1045,93,16,281,3,068010,10,7409,19,,86,618,18,3,89
91WN01803, 91102035,91,10,S2035,2,18,42,003,2,2,5,6,5.0,5,4,3,102,124,1,95,84,601, 0, 0, 0, 0, 55,r-2,,,,1,,0,162,1045,,95,,3,068010,10,7409,19,,82,660,18,1,88
91WN01804, 91102037,91,10,S2037,3,18,07,009,2,2,5,5,3.0,3,3,3,102,124,12,82,74,531, 0, 0, 0, 0, 39,,,,,1,,0,189,1097,93,,281,3,978119,19,9206,19,,72,567,11,3,81
91WN01805, 91102038,91,10,S2038,3,18,07,009,2,2,5,5,3.0,3,3,3,102,124,13,85,75,536, 0, 0, 0, 0, 51,,,,,1,,0,189,1097,93,,281,3,978119,19,9206,19,,73,572,11,3,82
91WN01806, 91102042,91,10,S2042,2,18,07,007,3,1,7,2,3.0,3,3,1,102,116,32,106,74,547, 8, 0, 0,+, 59,r-3,,,1,1,1,0,189,1148,,,,,970019,19,8956,19,,76,544,11,1,92
91WN01807, 91102044,91,10,S2044,2,18,07,007,2,1,3,2,2.0,2,2,1,102,116,3,112,64,455, 9, 0, 0, 0, 58,038,,,2,1,1,0,167,971,92,,262,,970019,19,9977,19,,66,459,12,2,71
91WN01808, 91102045,91,10,S2045,2,18,07,013,2,2,5,5,6.0,6,4,1,102,116,4,105,70,513,10, 0, 0, 0, 49,035,,,2,1,1,0,187,1331,93,,281,,990819,19,6164,19,,72,573,11,2,84
91WN01809, 91102046,91,10,S2046,1,18,07,013,2,2,5,5,6.0,6,4,1,102,116,1,122,63,438, 9, 0, 0, 0, 46,,,,2,1,2,0,187,1331,93,,266,,990819,19,6164,19,,65,458,11,3,76
91WN01810, 91102047,91,10,S2047,2,18,07,010,2,1,3,2,4.0,4,4,3,102,122,8,92,86,630, 0, 0, 0, 0, 56,r-1,,,,1,,0,164,1036,,,,3,980719,19,8103,19,,85,615,18,1,89
91WN01811, 91102049,91,10,S2049,2,18,07,013,2,2,5,5,5.0,5,4,3,102,124,7,106,97,697, 0, 0, 0, 0, 59,r-5,,,,1,,0,151,1027,,,,3,990819,19,7146,19,,94,742,18,1,98
91WN01812, 91102050,91,10,S2050,1,18,07,013,2,2,5,5,5.0,5,4,3,102,124,6,102,70,482, 0, 0, 0, 0, 46,,,,,1,,0,151,1027,93,,266,3,990819,19,7146,19,,68,486,18,3,74
91WN01813, 91102051,91,10,S2051,1,18,07,014,2,1,3,2,4.0,4,4,3,102,122,3,114,76,530, 0, 0, 0, 0, 65,,,,,1,,0,202,1165,93,,266,3,994119,19,7860,19,,75,433,12,3,78
91WN01814, 91102053,91,10,S2053,1,18,42,003,2,2,5,5,3.0,3,3,3,102,123,12,119,81,562, 0, 0, 0, 0, 53,,,,,1,,0,146,934,93,,266,3,068010,10,8925,19,,79,565,11,3,80
91WN01815, 91102054,91,10,S2054,1,18,42,003,2,2,5,5,3.0,3,3,3,102,123,13,116,83,580, 0, 0, 0, 0, 56,,,,,1,,0,146,934,,,,3,068010,10,8925,19,,81,583,11,1,87
91WN01816, 91102055,91,10,S2055,2,18,07,005,2,2,5,4,6.0,6,4,3,102,124,5,118,86,598, 0, 0, 0, 0, 53,r-4,,,,1,,0,177,1158,,95,,3,962319,19,6440,19,,84,628,18,1,89
91WN01817, 91102056,91,10,S2056,2,18,07,005,2,2,5,6,6.0,6,4,3,102,124,7,99,76,533, 0, 0, 0, 0, 47,,,,,1,,0,177,1158,97,95,268,3,962319,19,6440,19,,74,592,18,7,0
91WN01818, 91102057,91,10,S2057,2,18,42,004,2,1,3,2,5.0,5,4,3,103,122,1,94,76,546, 0, 0, 0,?, 52,r-5,,,,1,,0,151,973,,,,3,065310,10,7130,19,,75,532,11,1,78
91WN01819, 91102059,91,10,S2059,2,18,07,013,2,1,3,2,2.0,2,2,3,103,122,13,128,94,666, 0, 0, 0, 0, 63,r-2,,,,1,,0,167,811,,,,3,990819,19,9798,19,,93,654,18,1,101
91WN01820, 91102061,91,10,S2061,2,18,07,010,1,1,1,1,2.0,2,2,3,103,121,16,131,93,660, 0, 0, 0, 0, 63,r-2,,,,1,,0,134,809,,16,,3,980719,19,9769,19,,92,631,18,1,101
91WN01821, 91102062,91,10,S2062,3,18,07,005,2,1,3,2,5.0,5,4,3,103,122,5,110,88,631, 0, 0, 0, 0, 60,,,,,1,,0,173,1042,93,,281,3,962319,19,7553,19,,87,609,18,3,89
91WN01822, 91102064,91,10,S2064,2,18,07,014,3,1,7,2,6.0,6,4,1,103,115,25,111,74,547, 8, 0, 0, 0, 58,r-2,,,2,1,1,0,167,1002,,,,,994119,19,6488,19,,77,545,18,1,92
91WN01823, 91102065,91,10,S2065,1,18,07,011,2,2,5,5,5.0,5,4,1,103,115,33,127,97,733, 8, 0, 0, 0, 72,,,,1,1,2,0,162,1134,,,,,982619,19,7294,19,,101,748,11,1,113
91WN01824, 91102066,91,10,S2066,2,18,07,011,2,2,5,5,5.0,5,4,1,103,115,26,122,69,494, 7, 0, 0, 0, 48,035,,,1,1,1,0,162,1134,93,95,281,,982619,19,7294,19,,71,551,11,2,86
91WN01825, 91102067,91,10,S2067,2,18,07,005,2,2,5,5,5.0,5,4,3,103,122,13,98,78,559, 0, 0, 0, 0, 49,r-4,,,,1,,0,129,901,,,,3,962319,19,7431,19,,77,603,12,1,82
91WN01826, 91102068,91,10,S2068,2,18,07,005,2,2,5,5,5.0,5,4,3,103,122,14,91,83,606, 0, 0, 0, 0, 51,r-1,,,,1,,0,129,901,,,,3,962319,19,7431,19,,82,650,12,1,83
91WN01827, 91102069,91,10,S2069,2,18,42,003,2,2,5,7,3.0,3,3,3,103,122,12,77,62,445, 0, 0, 0, 0, 43,,,,,1,,0,146,898,93,99,281,3,068010,10,8759,19,,61,502,11,3,63
91WN01828, 91102070,91,10,S2070,1,18,42,003,2,2,5,3,3.0,3,3,3,103,122,12,124,76,521, 0, 0, 0, 0, 50,,,,,1,,0,146,898,93,,266,3,068010,10,8759,19,,75,519,11,3,77
91WN01829, 91102071,91,10,S2071,3,18,07,008,2,1,3,2,2.0,2,2,3,103,70,0,115,60,693, 0, 0, 0, 0, 60,,,,,1,,0,150,809,10,,224,3,973619,19,0207,10,,95,,11,6,0
91WN01830, 91102073,91,10,S2073,1,18,07,011,1,1,1,1,5.0,5,4,1,103,115,33,122,92,694,12, 0, 0, 0, 71,,,,2,1,1,0,129,832,93,,266,,982619,19,7207,19,,95,558,12,3,100
91WN01831, 91102074,91,10,S2074,2,18,07,008,2,2,5,7,2.0,2,2,3,104,122,13,90,79,574, 0, 0, 0,+, 49,r-2,,,,1,,0,184,1204,,21,,3,973619,19,9972,19,,78,635,11,1,78
91WN01832, 91102075,91,10,S2075,3,18,07,008,2,2,5,3,2.0,2,2,3,104,122,13,133,95,670, 0, 0, 0, 0, 59,,,,,1,,0,184,1204,93,,281,3,973619,19,9972,19,,94,679,11,3,98
91WN01833, 91102076,91,10,S2076,1,18,07,008,3,2,8,4,6.0,6,4,3,104,120,19,121,76,533, 0, 0, 0, 0, 52,,,,,1,,0,157,1123,93,,266,X,973619,19,6809,19,,76,530,18,3,83
91WN01834, 91102077,91,10,S2077,1,18,07,008,3,2,8,6,6.0,6,4,3,104,120,19,103,62,431, 0, 0, 0, 0, 40,,,,,1,,0,157,1123,93,,266,X,973619,19,6809,19,,62,488,18,3,62
91WN01835, 91102079,91,10,S2079,1,18,07,013,3,2,8,5,6.0,6,4,3,104,121,1,104,95,699, 0, 0, 0, 0, 60,,,,,1,,0,207,1300,,,,3,990819,19,6437,19,,94,703,18,1,94
91WN01836, 91102080,91,10,S2080,1,18,07,013,3,2,8,5,6.0,6,4,3,104,121,1,102,87,635, 0, 0, 0, 0, 59,,,,,1,,0,207,1300,,,,3,990819,19,6437,19,,86,639,18,1,90
91WN01837, 91102082,91,10,S2082,1,18,07,007,2,1,3,2,5.0,5,4,1,104,114,15,115,85,645,11, 0, 0, 0, 61,,,,2,1,4,0,173,811,93,,321,,970019,19,7467,19,,89,561,12,H,0
91WN01838, 91102084,91,10,S2084,2,18,07,012,3,2,8,5,2.0,2,2,1,104,114,8,84,53,391, 7, 0, 0, 0, 38,038,,,2,1,1,0,200,1116,92,,262,,985019,19,9592,19,,55,454,11,2,67
91WN01839, 91102085,91,10,S2085,1,18,07,012,3,2,8,5,2.0,2,2,1,104,114,25,90,84,658, 6, 0, 0, 0, 57,,,,2,1,4,0,200,1116,93,,266,,985019,19,9592,19,,88,678,11,3,88
91WN01840, 91102086,91,10,S2086,2,18,07,015,2,2,5,5,6.0,6,4,3,104,122,2,93,66,465, 0, 0, 0, 0, 43,,,,,1,,0,137,867,93,,281,3,997519,19,6731,19,,65,510,12,3,72
91WN01841, 91102089,91,10,S2089,2,18,42,004,2,1,3,2,4.0,4,4,3,105,121,5,100,86,628, 0, 0, 0,+, 56,r-4,,,,1,,0,152,841,,,,3,065310,10,7935,19,,85,613,12,1,93
91WN01842, 91102090,91,10,S2090,2,18,07,011,2,2,5,5,3.0,3,3,1,105,113,32,102,75,573,10, 0, 0, 0, 56,r-4,,,1,1,1,0,175,1167,,,,,982619,19,8705,19,,79,629,12,1,86
91WN01843, 91102091,91,10,S2091,1,18,07,011,2,2,5,5,3.0,3,3,1,105,113,4,104,60,439,11, 0, 0, 0, 41,,,,1,1,1,0,175,1167,93,,266,,982619,19,8705,19,,63,457,12,3,66
91WN01844, 91102092,91,10,S2092,3,18,07,013,2,2,5,5,2.0,2,2,3,105,120,15,110,71,500, 0, 0, 0, 0, 47,,,,,1,,0,167,897,93,,281,3,990819,19,9631,19,,71,539,12,3,71
91WN01845, 91102093,91,10,S2093,3,18,07,013,2,2,5,5,2.0,2,2,3,105,120,14,110,60,408, 0, 0, 0, 0, 41,,,,,1,,0,167,897,97,,268,3,990819,19,9631,19,,60,447,12,7,0
91WN01846, 91102094,91,10,S2094,1,18,07,013,2,1,3,2,4.0,4,4,3,105,119,15,135,85,601, 0, 0, 0, 0, 55,,,,,1,,0,152,904,93,,266,3,990819,19,7789,19,,86,502,11,3,86
91WN01847, 91102095,91,10,S2095,2,18,07,002,1,1,1,1,6.0,6,4,3,105,120,5,118,75,527, 0, 0, 0, 0, 51,,,,,1,,0,117,774,80,,291,3,004310,10,6738,19,,75,495,12,1,75
91WN01848, 91102096,91,10,S2096,3,18,07,012,2,2,5,5,4.0,4,4,3,105,119,20,112,81,587, 0, 0, 0, 0, 57,,,,,1,,0,164,968,93,,281,3,985019,19,7821,19,,82,621,12,3,84
91WN01849, 91102097,91,10,S2097,3,18,07,012,2,2,5,5,4.0,4,4,3,105,119,20,101,83,613, 0, 0, 0, 0, 54,,,,,1,,0,164,968,93,,281,3,985019,19,7821,19,,84,647,12,3,82
91WN01850, 91102098,91,10,S2098,2,18,07,005,2,2,5,4,2.0,2,2,3,105,119,13,102,69,494, 0, 0, 0, 0, 46,,,,,1,,0,167,1077,93,,281,3,962319,19,9878,19,,69,526,18,3,69
91WN01851, 91102099,91,10,S2099,2,18,07,005,2,2,5,6,2.0,2,2,3,105,119,13,85,61,441, 0, 0, 0, 0, 39,,,,,1,,0,167,1077,01,,266,3,962319,19,9878,19,,61,501,18,6,0
91WN01852, 91102100,91,10,S2100,2,18,42,003,2,2,5,5,6.0,6,4,3,105,120,11,120,73,508, 0, 0, 0, 0, 51,r-4,,,,1,,0,167,965,,,,3,068010,10,6439,19,,73,552,11,1,76
91WN01853, 91102101,91,10,S2101,3,18,42,003,2,2,5,5,6.0,6,4,3,105,120,18,108,65,452, 0, 0, 0, 0, 44,,,,,1,,0,167,965,93,21,281,3,068010,10,6439,19,,65,487,11,3,70
91WN01854, 91102102,91,10,S2102,1,18,07,012,2,2,5,5,2.0,2,2,3,106,119,17,112,72,511, 0, 0, 0, 0, 52,,,,,1,,0,167,1151,93,,266,3,985019,19,0173,10,,73,516,18,3,74
91WN01855, 91102103,91,10,S2103,1,18,07,012,2,2,5,5,2.0,2,2,3,106,120,2,115,92,671, 0, 0, 0, 0, 57,,,,,1,,0,167,1151,,,,3,985019,19,0173,10,,92,678,18,1,94
91WN01856, 91102104,91,10,S2104,2,18,07,009,1,1,1,1,2.0,2,2,3,106,118,3,134,72,497, 0, 0, 0, 0, 46,r-5,,,,1,,0,134,765,,,,3,978119,19,9816,19,,73,469,12,1,80
91WN01857, 91102105,91,10,S2105,2,18,07,002,2,2,5,5,3.0,3,3,3,106,119,12,103,71,510, 0, 0, 0, 0, 43,r-1,,,,1,,0,160,1107,,,,3,004310,10,9332,19,,72,553,18,1,78
91WN01858, 91102106,91,10,S2106,1,18,07,002,2,2,5,5,3.0,3,3,3,106,119,12,102,78,570, 0, 0, 0, 0, 51,,,,,1,,0,160,1107,93,,266,3,004310,10,9332,19,,79,572,18,3,80
91WN01859, 91102107,91,10,S2107,1,18,07,013,3,1,7,2,4.0,4,4,3,106,120,1,98,97,727, 0, 0, 0, 0, 56,,,,,1,,0,164,968,,,,3,990819,19,8175,19,,97,630,18,1,94
91WN01860, 91102110,91,10,S2110,2,18,07,005,1,1,1,1,3.0,3,3,3,106,119,4,107,62,431, 0, 0, 0, 0, 48,,,,,1,,0,146,997,93,,281,3,962319,19,9262,19,,62,399,12,3,57
91WN01861, 91102112,91,10,S2112,2,18,07,013,2,1,3,2,2.0,2,2,3,106,119,18,82,78,587, 0, 0, 0, 0, 45,r-1,,,,1,,0,167,973,,,,3,990819,19,9858,19,,79,574,12,1,80
91WN01862, 91102113,91,10,S2113,2,18,07,007,1,1,1,1,6.0,6,4,2,110,109,20,128,79,607, 8, 0, 0,+, 59,r-1,,,1,1,1,0,187,936,,,,,970019,19,6160,19,,86,567,18,1,90
91WN01863, 91441759,91,44,T1759,3,41,02,412,1,1,1,1,3.0,3,3,1,92,126,4,121,98,682, 9, 0, 0, 0, 76,,,,1,1,1,0,130,813,93,,281,,072644,44,9867,43,,94,623,41,3,111
91WN01864, 91441763,91,44,T1763,2,48,02,T-5,2,1,3,2,4.0,4,4,4,93,118,1,91,65,474, 0, 0, 0, 0,  0,048,,,,1,,0,159,805,92,,262,4,867243,43,8918,43,,66,405,40,2,67
91WN01865, 91441768,91,44,T1768,2,48,02,T-4,1,1,1,1,2.0,2,2,1,93,125,7,110,86,600, 6, 0, 0, 0, 70,,,,2,1,1,0,149,970,97,,249,,922243,43,0468,44,,83,575,48,1,0
91WN01866, 91441769,91,44,T1769,2,48,02,T-2,2,2,5,4,6.0,6,4,1,93,125,35,83,70,494, 3, 0, 0, 0, 51,OUT,,,2,1,1,0,184,1350,93,97,281,,922243,43,6941,43,,68,602,48,3,82
91WN01867, 91441770,91,44,T1770,2,48,02,T-2,2,2,5,6,6.0,6,4,1,93,125,28,68,78,570, 5, 0, 0,+, 58,t03,,,1,1,1,0,184,1350,,,,,922243,43,6941,43,,75,689,48,1,87
91WN01868, 91441771,91,44,T1771,2,48,02,T-4,2,1,3,2,5.0,5,4,1,93,125,23,99,83,585, 8, 0, 0, 0, 64,t02,,,2,1,1,0,146,806,,,,,853543,43,8354,43,,80,606,48,1,96
91WN01869, 91441772,91,44,T1772,2,41,02,413,2,2,5,5,2.0,2,2,1,93,125,27,92,77,542, 6, 0, 0,+, 59,t02,,,2,1,1,0,166,981,,,,,073944,44,0767,44,,74,654,41,P,88
91WN01870, 91441773,91,44,T1773,1,41,02,413,2,2,5,5,2.0,2,2,1,93,125,20,88,75,530, 6, 0, 0, 0, 54,,,,2,1,2,0,166,981,93,,321,,073944,44,0767,44,,72,589,41,H,83
91WN01871, 91441775,91,44,T1775,2,48,02,T-1,3,1,7,2,6.0,6,4,2,93,126,27,111,87,602, 4, 0, 0, 0, 71,t03,,,2,1,1,0,164,942,,,,4,853543,43,6944,43,,83,604,48,1,102
91WN01872, 91441776,91,44,T1776,2,48,02,T-4,2,2,5,5,2.0,2,2,4,93,118,1,93,65,472, 0, 0, 0, 0,  0,OUT,,,,1,,0,166,1085,93,,281,4,867243,43,0532,44,,66,488,48,3,75
91WN01873, 91441777,91,44,T1777,2,48,02,T-4,2,2,5,5,2.0,2,2,4,93,118,1,100,67,483, 0, 0, 0, 0,  0,041,,,,1,,0,166,1085,93,21,281,4,867243,43,0532,44,,68,499,48,2,82
91WN01874, 91441780,91,44,T1780,1,48,02,T-1,4,1,0,2,3.0,3,3,H,94,126,1,79,90,652, 0, 0, 0, 0, 75,,,,,1,,0,187,792,93,,266,4,867243,43,0182,44,,86,501,48,3,117
91WN01875, 91441782,91,44,T1782,2,42,02,822,1,1,1,1,2.0,2,2,1,94,124,24,102,71,490, 9, 0, 0, 0, 58,OUT,,,5,1,1,0,133,796,93,,281,,034344,44,0441,44,,69,489,42,3,74
91WN01876, 91441784,91,44,T1784,2,48,02,T-4,3,2,8,5,7.0,7,5,2,94,79,0,95,61,652, 0, 0, 0, 0, 61,,,,,1,,0,183,1135,97,21,227,4,853543,43,6387,43,,88,,40,7,0
91WN01877, 91441785,91,44,T1785,2,48,02,T-4,3,2,8,5,7.0,7,5,2,94,125,27,101,74,511, 6, 0, 0, 0, 56,t01,,,2,1,1,0,183,1135,,,,4,853543,43,6387,43,,71,584,40,1,87
91WN01878, 91441787,91,44,T1787,2,48,02,T-1,2,1,3,2,4.0,4,4,4,94,117,1,104,96,732, 0, 0, 0,+,  0,t03,,,,1,,0,159,867,01,,365,4,922243,43,9319,43,,98,664,48,1,110
91WN01879, 91441788,91,44,T1788,2,48,02,T-5,2,2,5,5,2.0,2,2,4,94,117,1,100,82,615, 0, 0, 0, 0,  0,t02,,,,1,,0,166,1180,,,,4,853543,43,0809,44,,84,633,40,1,83
91WN01880, 91441789,91,44,T1789,3,48,02,T-5,2,2,5,5,2.0,2,2,4,94,117,1,106,89,670, 0, 0, 0, 0,  0,,,,,1,,0,166,1180,93,14,321,4,853543,43,0809,44,,91,655,40,*,90
91WN01881, 91441790,91,44,T1790,2,48,02,T-2,2,2,5,5,6.0,6,4,4,94,117,1,113,87,647, 0, 0, 0, 0,  0,t01,,,,1,,0,144,1160,,21,,4,853543,43,6993,43,,89,636,40,1,86
91WN01882, 91441791,91,44,T1791,1,48,02,T-2,2,2,5,5,6.0,6,4,4,94,117,1,129,97,719, 0, 0, 0, 0,  0,,,,,1,,0,144,1160,,,,4,853543,43,6993,43,,99,665,40,1,105
91WN01883, 91441792,91,44,T1792,2,48,02,T-1,2,1,3,2,6.0,6,4,1,94,124,12,94,95,690, 6, 0, 0,+, 73,t02,,,1,1,1,0,164,1021,,,,,922243,43,7009,43,,92,698,40,1,107
91WN01884, 91441794,91,44,T1794,2,41,02,414,2,2,5,5,3.0,3,3,2,94,125,6,103,70,478, 6, 0, 0, 0, 51,046,,,1,1,1,0,158,1039,93,,281,,040944,44,9702,43,,68,512,41,2,75
91WN01885, 91441795,91,44,T1795,1,41,02,414,2,2,5,5,3.0,3,3,2,94,125,7,114,78,533, 4, 0, 0, 0, 58,,,,2,1,2,0,158,1039,97,,242,,040944,44,9702,43,,75,525,41,P,0
91WN01886, 91441796,91,44,T1796,2,48,02,T-4,4,2,0,6,4.0,4,4,2,94,125,5,70,79,576, 6, 0, 0,+, 56,t01,,,2,1,1,0,184,1058,,,,4,867243,43,8600,43,,76,640,48,1,88
91WN01887, 91441797,91,44,T1797,1,48,02,T-4,4,2,0,4,4.0,4,4,2,94,125,29,82,66,462, 6, 0, 0, 0, 59,,,,2,1,1,0,184,1058,93,,321,4,867243,43,8600,43,,64,489,48,H,79
91WN01888, 91441800,91,44,T1800,2,48,02,T-1,2,1,3,2,2.0,2,2,1,94,124,25,100,84,597, 7, 0, 0, 0, 62,t01,,,2,1,1,0,166,826,,95,,4,853543,43,0631,44,,82,650,48,1,95
91WN01889, 91441802,91,44,T1802,2,48,02,T-1,2,1,3,2,3.0,3,3,2,94,125,16,86,85,611, 5, 0, 0,+, 68,t02,,,1,1,1,0,173,890,,,,,867243,43,9448,43,,82,601,40,1,95
91WN01890, 91441805,91,44,T1805,3,48,02,T-2,2,1,3,2,2.0,2,2,1,94,124,11,82,71,506, 6, 0, 0, 0, 49,,,,1,1,1,0,166,923,99,,,,922243,43,0855,44,,69,486,48,E,79
91WN01891, 91441806,91,44,T1806,3,48,02,T-3,2,2,5,5,2.0,2,2,2,94,125,10,102,84,590, 5, 0, 0, 0, 63,,,,2,1,1,0,166,1154,93,,321,,853543,43,0685,44,,81,623,48,*,94
91WN01892, 91441807,91,44,T1807,2,48,02,T-3,2,2,5,5,2.0,2,2,2,94,125,10,99,68,465, 5, 0, 0, 0, 50,044,,,1,1,1,0,166,1154,93,,281,,853543,43,0685,44,,66,531,48,2,77
91WN01893, 91441808,91,44,T1808,3,48,02,T-2,1,1,1,1,2.0,2,2,1,94,124,16,109,84,590, 6, 0, 0, 0, 67,,,,2,1,1,0,166,946,93,95,321,,853543,43,0591,44,,82,576,40,*,95
91WN01894, 91441811,91,44,T1811,1,48,02,T-3,2,2,5,5,2.0,2,2,H,94,126,1,97,60,399, 0, 0, 0, 0, 50,,,,,1,,0,149,843,93,,321,4,867243,43,0614,44,,58,363,40,H,83
91WN01895, 91441812,91,44,T1812,2,48,02,T-3,2,2,5,5,2.0,2,2,H,94,126,1,88,55,367, 0, 0, 0, 0, 42,048,,,,1,,0,149,843,92,,262,4,867243,43,0614,44,,53,374,40,2,66
91WN01896, 91441813,91,44,T1813,2,48,02,T-1,1,1,1,1,7.0,7,5,4,94,117,1,112,90,674, 0, 0, 0, 0,  0,PPL,,,,1,,0,120,634,93,59,256,4,853543,43,6436,43,,92,565,48,5,93
91WN01897, 91441814,91,44,T1814,1,48,02,T-3,1,1,1,1,4.0,4,4,1,94,124,27,130,106,750, 6, 0, 0, 0, 85,,,,4,1,1,0,134,785,93,,266,,853543,43,9376,43,,103,655,48,3,114
91WN01898, 91441815,91,44,T1815,2,48,02,T-1,2,2,5,4,5.0,5,4,4,94,117,1,122,70,494, 0, 0, 0, 0,  0,OUT,,,,1,,0,190,1089,93,,281,4,867243,43,8059,43,,71,496,40,3,78
91WN01899, 91441816,91,44,T1816,1,48,02,T-1,2,2,5,6,5.0,5,4,4,94,117,1,104,85,638, 0, 0, 0, 0,  0,,,,,1,,0,190,1089,93,,266,4,867243,43,8059,43,,87,638,40,3,93
91WN01900, 91441819,91,44,T1819,3,48,02,T-5,3,1,6,2,6.0,6,4,7,94,124,1,100,94,677, 0, 0, 0, 0,  0,,,,,1,,,204,1104,,,,4,867243,43,6997,43,,91,,40,1,100
91WN01901, 91441820,91,44,T1820,2,48,02,T-2,1,1,1,1,2.0,2,2,1,94,124,29,133,89,610, 5, 0, 0, 0, 85,t03,,,2,1,1,0,133,838,,,,,853543,43,0728,44,,87,616,40,1,104
91WN01902, 91441824,91,44,T1824,2,48,02,T-1,2,2,5,5,4.0,4,4,4,95,116,1,101,80,603, 0, 0, 0, 0,  0,t03,,,,1,,0,147,1000,,,,4,853543,43,9094,43,,82,593,48,1,90
91WN01903, 91441825,91,44,T1825,2,48,02,T-1,2,2,5,5,4.0,4,4,4,95,116,1,100,78,586, 0, 0, 0, 0,  0,t03,,,,1,,0,147,1000,,,,4,853543,43,9094,43,,80,576,48,1,84
91WN01904, 91441826,91,44,T1826,1,48,02,T-5,2,2,5,5,2.0,2,2,4,95,116,1,116,93,702, 0, 0, 0, 0,  0,,,,,1,,0,166,967,,,,4,922243,43,0738,44,,96,677,40,1,106
91WN01905, 91441827,91,44,T1827,1,48,02,T-5,2,2,5,5,2.0,2,2,4,95,116,1,101,69,508, 0, 0, 0, 0,  0,,,,,1,,0,166,967,93,,266,4,922243,43,0738,44,,71,483,40,H,78
91WN01906, 91441828,91,44,T1828,2,41,02,413,2,2,5,5,5.0,5,4,2,95,124,4,132,86,587, 8, 0, 0,+, 66,t02,,,1,1,1,0,168,1105,,,,,073944,44,8042,43,,84,617,41,P,98
91WN01907, 91441829,91,44,T1829,2,41,02,413,2,2,5,5,5.0,5,4,2,95,124,3,119,78,533, 8, 0, 0,+, 59,t01,,,1,1,1,0,168,1105,,,,,073944,44,8042,43,,76,562,41,P,90
91WN01908, 91441831,91,44,T1831,2,48,02,T-4,2,1,3,2,5.0,5,4,4,95,116,1,100,81,612, 0, 0, 0, 0,  0,t02,,,,1,,0,157,944,,,,4,853543,43,8016,43,,83,545,48,1,86
91WN01909, 91441832,91,44,T1832,2,48,02,T-2,1,1,1,1,2.0,2,2,2,95,124,30,106,91,648, 4, 0, 0, 0, 70,t02,,,2,1,1,0,133,838,,,,,853543,43,0652,44,,88,631,48,1,101
91WN01910, 91441833,91,44,T1833,1,48,02,T-5,2,2,5,5,3.0,3,3,4,95,116,1,118,92,691, 0, 0, 0, 0,  0,,,,,1,,0,144,969,93,21,266,4,922243,43,9618,43,,95,640,48,3,102
91WN01911, 91441834,91,44,T1834,2,48,02,T-5,2,2,5,5,3.0,3,3,4,95,116,1,118,90,674, 0, 0, 0,+,  0,t03,,,,1,,0,144,969,,,,4,922243,43,9618,43,,93,666,48,1,96
91WN01912, 91441836,91,44,T1836,2,41,02,413,2,2,5,7,7.0,7,5,2,95,124,13,91,80,572, 7, 0, 0,?, 55,t01,,,2,1,1,0,174,943,,,,,073944,44,6833,43,,78,661,41,P,92
91WN01913, 91441837,91,44,T1837,1,41,02,413,2,2,5,3,7.0,7,5,2,95,124,8,123,86,594, 8, 0, 0, 0, 67,,,,1,1,2,0,174,943,93,95,266,,073944,44,6833,43,,84,606,41,3,96
91WN01914, 91441838,91,44,T1838,2,48,02,T-4,2,2,5,5,4.0,4,4,2,95,124,28,114,73,497, 8, 0, 0,+, 59,t03,,,1,1,1,0,147,981,,95,,,867243,43,9363,43,,71,560,48,1,83
91WN01915, 91441839,91,44,T1839,1,48,02,T-4,2,2,5,5,4.0,4,4,2,95,124,28,120,80,548, 7, 0, 0, 0, 65,,,,1,1,2,0,147,981,93,,321,,867243,43,9363,43,,78,567,48,H,90
91WN01916, 91441840,91,44,T1840,3,41,02,413,2,2,5,5,2.0,2,2,2,95,124,11,93,70,490, 8, 0, 0, 0, 50,,,,6,1,1,0,166,1055,99,,,,073944,44,0310,44,,68,525,41,E,83
91WN01917, 91441841,91,44,T1841,2,41,02,413,2,2,5,5,2.0,2,2,2,95,124,5,84,62,432, 6, 0, 0, 0, 49,047,,,1,1,1,0,166,1055,93,,281,,073944,44,0310,44,,60,492,41,2,73
91WN01918, 91441842,91,44,T1842,2,48,02,T-5,2,1,3,2,3.0,3,3,4,95,116,1,101,73,542, 0, 0, 0, 0,  0,045,,,,1,,0,144,764,92,,262,4,867243,43,9422,43,,75,477,48,2,77
91WN01919, 91441845,91,44,T1845,2,48,02,T-4,2,1,3,2,2.0,2,2,2,95,124,1,108,75,518, 8, 0, 0, 0, 50,041,,,1,1,1,0,166,789,93,,281,,922243,43,0681,44,,73,515,48,2,84
91WN01920, 91441846,91,44,T1846,1,48,02,T-2,2,2,5,5,4.0,4,4,2,95,124,3,95,80,569, 7, 0, 0, 0, 55,,,,2,1,1,0,159,837,93,,321,4,867243,43,8536,43,,78,555,48,H,85
91WN01921, 91441847,91,44,T1847,1,48,02,T-2,2,2,5,5,4.0,4,4,2,95,124,3,107,89,631, 4, 0, 0, 0, 64,,,,2,1,2,0,159,837,93,,266,4,867243,43,8536,43,,86,617,48,3,94
91WN01922, 91441848,91,44,T1848,3,48,02,T-2,1,1,1,1,3.0,3,3,2,95,124,23,112,64,426, 7, 0, 0, 0, 45,,,,1,1,1,0,144,881,99,,,,867243,43,9599,43,,62,371,48,E,76
91WN01923, 91441852,91,44,T1852,2,48,02,T-2,2,2,5,5,2.0,2,2,2,95,124,1,112,86,603, 7, 0, 0, 0, 63,t02,,,1,1,1,0,166,1154,,,,,853543,43,0821,44,,84,658,48,1,97
91WN01924, 91441853,91,44,T1853,3,48,02,T-2,2,2,5,5,2.0,2,2,2,95,124,23,104,71,489, 6, 0, 0, 0, 52,,,,2,1,2,0,166,1154,99,14,,,853543,43,0821,44,,69,541,48,E,86
91WN01925, 91441854,91,44,T1854,1,48,02,T-3,2,2,5,6,3.0,3,3,2,95,124,18,84,66,465, 7, 0, 0, 0, 45,,,,1,1,1,0,144,877,93,,266,,853543,43,9703,43,,64,527,48,3,72
91WN01926, 91441855,91,44,T1855,1,48,02,T-3,2,2,5,4,3.0,3,3,2,95,124,30,105,76,528, 6, 0, 0, 0, 56,,,,2,1,1,0,144,877,93,,350,,853543,43,9703,43,,74,559,48,H,84
91WN01927, 91441856,91,44,T1856,1,48,02,T-1,1,1,1,1,7.0,7,5,4,95,116,1,118,72,519, 0, 0, 0, 0,  0,,,,6,1,,0,183,1257,93,,266,4,922243,43,6666,43,,74,342,40,3,77
91WN01928, 91441857,91,44,T1857,1,41,02,413,2,2,5,5,3.0,3,3,2,95,124,23,100,67,460, 9, 0, 0, 0, 49,,,,1,1,2,0,187,1274,93,,266,,073944,44,9398,43,,65,474,41,3,75
91WN01929, 91441858,91,44,T1858,2,41,02,413,2,2,5,5,3.0,3,3,2,95,124,1,106,74,511, 6, 0, 0,?, 56,t01,,,2,1,1,0,187,1274,,95,,,073944,44,9398,43,,72,539,41,P,86
91WN01930, 91441861,91,44,T1861,2,48,02,T-5,3,1,7,2,7.0,7,5,2,95,124,13,69,84,622, 6, 0, 0,?, 69,t02,,,2,1,1,0,156,958,,95,,,922243,43,6489,43,,82,620,48,1,91
91WN01931, 91441863,91,44,T1863,1,48,02,T-4,2,1,3,2,2.0,2,2,2,95,124,24,116,99,705, 5, 0, 0, 0, 76,,,,2,1,1,0,166,838,93,,266,,867243,43,0644,44,,96,659,40,3,107
91WN01932, 91441864,91,44,T1864,3,48,02,T-4,1,1,1,1,4.0,4,4,2,95,124,26,132,98,684, 6, 0, 0, 0, 77,,,,1,1,1,0,134,935,93,21,281,,853543,43,8930,43,,95,631,48,3,112
91WN01933, 91441865,91,44,T1865,2,41,02,412,2,2,5,5,3.0,3,3,2,95,124,11,116,81,560, 9, 0, 0, 0, 58,t03,,,2,1,1,0,187,1003,,,,,072644,44,0111,44,,79,602,41,P,94
91WN01934, 91441866,91,44,T1866,1,41,02,412,2,2,5,5,3.0,3,3,2,95,124,24,111,80,556, 8, 0, 0, 0, 58,,,,1,1,1,0,187,1003,93,,266,,072644,44,0111,44,,78,572,41,3,92
91WN01935, 91441867,91,44,T1867,3,48,02,T-3,2,1,3,2,6.0,6,4,2,95,124,26,102,91,652, 5, 0, 0, 0, 71,,,,2,1,1,0,174,1008,97,,249,,853543,43,7497,43,,88,600,40,*,0
91WN01936, 91441868,91,44,T1868,2,48,02,T-3,4,2,0,4,3.0,3,3,2,95,124,15,83,69,490, 9, 0, 0, 0, 49,043,,,2,1,1,0,173,916,93,,281,,922243,43,9493,43,,67,550,48,2,79
91WN01937, 91441869,91,44,T1869,2,48,02,T-3,4,2,0,6,3.0,3,3,2,95,124,18,65,66,480, 6, 0, 0, 0, 48,046,,,2,1,1,0,173,916,93,,281,,922243,43,9493,43,,64,565,48,2,75
91WN01938, 91441870,91,44,T1870,2,48,02,T-1,2,2,5,4,2.0,2,2,2,95,124,28,128,87,598, 7, 0, 0,+, 67,t03,,,1,1,1,0,166,965,,,,,867243,43,0729,44,,85,702,40,1,100
91WN01939, 91441871,91,44,T1871,2,48,02,T-1,2,2,5,6,2.0,2,2,2,95,124,2,101,57,378, 9, 0, 0, 0, 39,049,,,1,1,1,0,166,965,92,,262,,867243,43,0729,44,,55,468,40,2,64
91WN01940, 91441872,91,44,T1872,2,48,02,T-3,2,2,5,5,2.0,2,2,2,95,124,17,98,76,534, 7, 0, 0,+, 52,t03,,,2,1,1,0,166,1002,,,,,922243,43,0698,44,,74,610,40,1,86
91WN01941, 91441873,91,44,T1873,3,48,02,T-3,2,2,5,5,2.0,2,2,2,95,124,27,89,85,614, 6, 0, 0, 0, 59,,,,1,1,1,0,166,1002,93,,321,,922243,43,0698,44,,83,671,40,*,95
91WN01942, 91441876,91,44,T1876,1,48,02,T-3,2,2,5,5,3.0,3,3,4,95,116,1,115,81,599, 0, 0, 0, 0,  0,,,,,1,,0,173,1140,93,,266,4,867243,43,9705,43,,83,548,40,3,94
91WN01943, 91441877,91,44,T1877,2,48,02,T-3,2,2,5,5,3.0,3,3,4,95,116,1,108,70,510, 0, 0, 0, 0,  0,043,,,,1,,0,173,1140,93,,281,4,867243,43,9705,43,,72,502,40,2,79
91WN01944, 91441878,91,44,T1878,2,48,02,T-5,1,1,1,1,2.0,2,2,2,95,124,1,125,103,730, 8, 0, 0,+, 78,t01,,,4,1,1,0,149,1053,,,,,867243,43,0510,44,,100,674,40,1,110
91WN01945, 91441879,91,44,T1879,1,48,02,T-3,2,2,5,4,3.0,3,3,4,95,116,1,132,89,653, 0, 0, 0, 0,  0,,,,,1,,0,158,1103,,,,4,853543,43,9439,43,,92,609,40,1,101
91WN01946, 91441880,91,44,T1880,1,48,02,T-3,2,2,5,6,3.0,3,3,4,95,116,1,105,85,642, 0, 0, 0, 0,  0,,,,,1,,0,158,1103,,,,4,853543,43,9439,43,,88,645,40,1,94
91WN01947, 91441881,91,44,T1881,2,41,02,414,2,2,5,3,3.0,3,3,2,96,123,17,103,82,583, 6, 0, 0, 0, 64,t02,,,2,1,1,0,158,1001,,95,,,040944,44,9534,43,,80,647,41,P,87
91WN01948, 91441882,91,44,T1882,2,41,02,414,2,2,5,7,3.0,3,3,2,96,123,1,61,62,454, 4, 0, 0, 0, 44,048,,,1,1,1,0,158,1001,92,,262,,040944,44,9534,43,,61,517,41,2,68
91WN01949, 91441883,91,44,T1883,2,48,02,T-4,2,2,5,5,6.0,6,4,1,96,122,19,96,68,479, 7, 0, 0, 0, 54,041,,,2,1,1,0,174,1014,93,95,281,4,922243,43,7484,43,,67,556,40,2,84
91WN01950, 91441884,91,44,T1884,2,48,02,T-4,2,2,5,5,6.0,6,4,1,96,122,24,102,58,392, 8, 0, 0, 0, 48,045,,,2,1,1,0,174,1014,92,95,262,4,922243,43,7484,43,,57,475,40,2,77
91WN01951, 91441885,91,44,T1885,2,48,02,T-5,2,2,5,5,5.0,5,4,2,96,123,1,120,81,561, 6, 0, 0,?, 61,t02,,,1,1,1,0,168,987,,,,,867243,43,7987,43,,79,589,40,1,89
91WN01952, 91441886,91,44,T1886,2,48,02,T-5,2,2,5,5,5.0,5,4,2,96,123,13,122,68,454, 5, 0, 0, 0, 54,042,,,1,1,1,0,168,987,93,,281,,867243,43,7987,43,,67,498,40,2,81
91WN01953, 91441887,91,44,T1887,1,48,02,T-5,2,2,5,5,5.0,5,4,1,96,122,13,119,85,599, 4, 0, 0, 0, 60,,,,2,1,2,0,157,1104,93,,266,4,867243,43,7748,43,,84,624,40,3,87
91WN01954, 91441888,91,44,T1888,2,48,02,T-5,2,2,5,5,5.0,5,4,1,96,122,5,128,76,518, 7, 0, 0,+, 58,t02,,,2,1,1,0,157,1104,,,,4,867243,43,7748,43,,75,576,40,1,85
91WN01955, 91441889,91,44,T1889,1,41,02,411,2,1,3,2,2.0,2,2,2,96,123,18,112,105,763,10, 0, 0, 0, 79,,,,2,1,2,0,183,1071,97,,310,,036644,44,0308,44,,103,710,41,P,110
91WN01956, 91441890,91,44,T1890,2,41,02,411,2,1,3,2,2.0,2,2,2,96,123,5,97,84,604, 7, 0, 0, 0, 64,t01,,,4,1,1,0,183,1071,,,,,036644,44,0308,44,,82,608,41,P,94
91WN01957, 91441891,91,44,T1891,1,48,02,T-2,2,1,3,2,3.0,3,3,2,96,123,2,112,102,738, 9, 0, 0, 0, 75,,,,2,1,2,0,158,879,93,,266,,853543,43,9469,43,,100,637,48,3,109
91WN01958, 91441893,91,44,T1893,3,48,02,T-1,3,2,8,5,3.0,3,3,2,96,123,26,103,80,567, 8, 0, 0, 0, 62,,,,2,2,1,0,187,1317,93,03,321,,867243,43,9774,43,,78,597,40,*,90
91WN01959, 91441894,91,44,T1894,2,48,02,T-1,3,2,8,5,3.0,3,3,2,96,123,7,93,78,559, 6, 0, 0,+, 62,t03,,,2,1,1,0,187,1317,,,,,867243,43,9774,43,,76,596,40,1,92
91WN01960, 91441895,91,44,T1895,2,48,02,T-1,3,1,7,2,3.0,3,3,2,96,123,5,87,67,474, 6, 0, 0, 0, 47,047,,,1,1,1,0,187,1317,93,,281,,867243,43,9774,43,,66,451,40,2,73
91WN01961, 91441896,91,44,T1896,1,48,02,T-5,2,2,5,5,5.0,5,4,4,96,115,1,123,86,641, 0, 0, 0, 0,  0,,,,,1,,0,135,948,93,,266,4,922243,43,8442,43,,89,589,48,3,99
91WN01962, 91441897,91,44,T1897,1,48,02,T-5,2,2,5,5,5.0,5,4,4,96,115,1,122,85,633, 0, 0, 0, 0,  0,,,,,1,,0,135,948,93,95,321,4,922243,43,8442,43,,88,581,48,H,89
91WN01963, 91441898,91,44,T1898,1,42,02,842,2,2,5,5,4.0,4,4,2,96,123,22,105,80,565, 6, 0, 0, 0, 60,,,,2,1,2,0,184,1139,93,,321,,043844,44,8574,43,,78,577,42,H,89
91WN01964, 91441899,91,44,T1899,1,42,02,842,2,2,5,5,4.0,4,4,2,96,123,20,111,76,528, 8, 0, 0, 0, 58,,,,1,1,2,0,184,1139,,,,,043844,44,8574,43,,74,538,42,C,78
91WN01965, 91441900,91,44,T1900,1,48,02,T-3,1,1,1,1,5.0,5,4,2,96,123,22,139,92,635, 9, 0, 0, 0, 78,,,,2,1,2,0,157,1006,97,95,310,,853543,43,7928,43,,90,511,40,1,100
91WN01966, 91441901,91,44,T1901,2,42,02,832,1,1,1,1,2.0,2,2,2,96,123,11,95,71,500, 8, 0, 0, 0, 51,t02,,,2,1,1,0,149,891,,95,,,039544,44,0350,44,,70,459,42,C,80
91WN01967, 91441902,91,44,T1902,2,48,02,T-5,3,2,8,5,2.0,2,2,2,96,123,18,66,64,467, 6, 0, 0, 0, 47,047,,,2,1,1,0,200,1080,93,,281,,853543,43,0509,44,,63,546,40,2,72
91WN01968, 91441903,91,44,T1903,2,48,02,T-5,3,2,8,5,2.0,2,2,2,96,123,10,68,55,392, 7, 0, 0, 0, 44,048,,,2,1,1,0,200,1080,92,,262,,853543,43,0509,44,,54,460,40,2,67
91WN01969, 91441905,91,44,T1905,1,41,02,413,2,2,5,5,7.0,7,5,2,96,123,7,120,98,699, 9, 0, 0, 0, 73,,,,1,1,1,0,183,1267,,,,,073944,44,6341,43,,96,704,41,P,101
91WN01970, 91441906,91,44,T1906,1,41,02,413,2,2,5,5,7.0,7,5,2,96,123,3,112,87,616, 8, 0, 0, 0, 64,,,,1,1,2,0,183,1267,,,,,073944,44,6341,43,,85,615,41,P,93
91WN01971, 91441907,91,44,T1907,2,42,02,832,1,1,1,1,4.0,4,4,2,96,123,25,120,81,561, 8, 0, 0, 0, 63,t02,,,2,1,1,0,134,900,,,,,039544,44,9173,43,,79,510,42,C,92
91WN01972, 91441908,91,44,T1908,2,48,02,T-5,2,1,3,2,4.0,4,4,2,96,123,20,84,84,615, 6, 0, 0,+, 64,t01,,,1,1,1,0,147,821,,,,,922243,43,9156,43,,82,611,40,1,92
91WN01973, 91441910,91,44,T1910,2,42,02,832,2,2,5,5,4.0,4,4,2,96,123,4,105,68,467, 6, 0, 0, 0, 56,t01,,,2,1,1,0,172,1106,,,,,039544,44,8550,43,,67,499,42,C,74
91WN01974, 91441911,91,44,T1911,2,42,02,832,2,2,5,5,4.0,4,4,2,96,123,23,106,74,515, 6, 0, 0, 0, 56,040,,,1,1,1,0,172,1106,93,,281,,039544,44,8550,43,,72,572,42,2,86
91WN01975, 91441914,91,44,T1914,3,48,02,T-5,2,2,5,5,3.0,3,3,2,96,123,1,105,78,549, 6, 0, 0, 0, 57,,,,2,1,1,0,173,1114,99,95,,,922243,43,9463,43,,76,546,40,E,87
91WN01976, 91441915,91,44,T1915,2,42,02,852,1,1,1,1,2.0,2,2,2,96,123,23,112,84,592, 9, 0, 0, 0, 69,t03,,,1,1,1,0,149,1004,,95,,,040344,44,0463,44,,82,567,42,C,92
91WN01977, 91441916,91,44,T1916,1,48,02,T-5,2,2,5,5,3.0,3,3,2,96,123,2,98,82,587, 6, 0, 0, 0, 58,,,,2,1,2,0,173,1114,93,,266,,922243,43,9463,43,,80,574,40,3,84
91WN01978, 91441917,91,44,T1917,2,48,02,T-5,1,1,1,1,2.0,2,2,2,96,123,12,113,85,599, 8, 0, 0,+, 70,t01,,,2,1,1,0,166,1127,,,,,867243,43,0751,44,,83,559,40,1,90
91WN01979, 91441919,91,44,T1919,1,48,02,T-3,2,1,3,2,7.0,7,5,2,96,123,25,124,75,509, 9, 0, 0, 0, 57,,,,2,1,1,0,147,945,93,,266,,867243,43,6411,43,,73,450,40,3,87
91WN01980, 91441920,91,44,T1920,2,48,02,T-5,2,2,5,5,3.0,3,3,2,96,123,22,98,66,457, 8, 0, 0, 0, 49,045,,,2,1,1,0,158,896,92,95,262,,922243,43,9727,43,,65,514,40,2,77
91WN01981, 91441921,91,44,T1921,3,48,02,T-5,2,2,5,5,3.0,3,3,2,96,123,1,108,87,620, 8, 0, 0, 0, 64,,,,2,1,1,0,158,896,93,14,321,,922243,43,9727,43,,85,617,40,*,96
91WN01982, 91441923,91,44,T1923,1,48,02,T-4,1,1,1,1,6.0,6,4,4,96,115,1,147,99,733, 0, 0, 0, 0,  0,,,,,1,,0,164,1083,,,,4,867243,43,6948,43,,103,545,48,1,112
91WN01983, 91441924,91,44,T1924,3,48,02,T-1,2,1,3,2,2.0,2,2,2,96,123,1,84,79,574, 6, 0, 0, 0, 57,,,,2,1,1,0,166,916,99,,,,853543,43,0574,44,,77,518,48,E,92
91WN01984, 91441926,91,44,T1926,2,41,02,411,2,1,3,2,3.0,3,3,2,96,123,27,98,85,611, 8, 0, 0, 0, 63,t03,,,2,1,1,0,173,948,,,,,036644,44,9537,43,,83,618,41,P,95
91WN01985, 91441929,91,44,T1929,3,48,02,T-1,3,1,7,2,3.0,3,3,2,96,123,19,93,89,648, 6, 0, 0, 0, 68,,,,1,1,1,0,187,963,93,01,281,,867243,43,0086,44,,87,589,40,*,102
91WN01986, 91441931,91,44,T1931,2,48,02,T-3,3,2,8,5,2.0,2,2,2,96,123,8,68,66,481, 9, 0, 0, 0, 49,048,,,1,1,1,0,200,1099,92,,262,,922243,43,0805,44,,65,546,40,2,67
91WN01987, 91441932,91,44,T1932,2,48,02,T-3,3,2,8,5,2.0,2,2,2,96,123,10,68,70,514, 6, 0, 0, 0, 51,043,,,2,1,1,0,200,1099,93,,281,,922243,43,0805,44,,68,582,40,2,79
91WN01988, 91441934,91,44,T1934,1,48,02,T-3,2,1,3,2,6.0,6,4,1,96,122,17,110,112,828, 7, 0, 0, 0, 81,,,,2,1,2,0,184,1063,,,,4,867243,43,7031,43,,110,771,40,1,118
91WN01989, 91441936,91,44,T1936,3,48,02,T-4,2,2,5,5,2.0,2,2,2,96,123,22,102,74,519, 9, 0, 0, 0, 57,,,,1,1,1,0,166,1110,99,,,,867243,43,0593,44,,72,570,40,E,87
91WN01990, 91441937,91,44,T1937,2,48,02,T-4,2,2,5,5,2.0,2,2,2,96,123,3,94,72,509, 5, 0, 0,+, 52,t02,,,1,1,2,0,166,1110,,,,,867243,43,0593,44,,70,568,40,1,79
91WN01991, 91441939,91,44,T1939,1,41,02,411,2,2,5,5,2.0,2,2,2,96,123,1,100,82,585, 7, 0, 0, 0, 59,,,,1,1,3,0,166,1136,93,,266,,036644,44,0319,44,,80,597,41,3,95
91WN01992, 91441940,91,44,T1940,1,41,02,411,2,2,5,5,2.0,2,2,2,96,123,6,95,82,589, 8, 0, 0, 0, 57,,,,1,1,3,0,166,1136,,,,,036644,44,0319,44,,80,608,41,P,87
91WN01993, 91441941,91,44,T1941,3,48,02,T-5,2,2,5,5,2.0,2,2,2,96,123,25,106,77,540, 9, 0, 0, 0, 55,,,,2,1,1,0,166,965,99,,,,922243,43,0626,44,,75,595,48,E,92
91WN01994, 91441942,91,44,T1942,1,48,02,T-5,2,2,5,5,2.0,2,2,2,96,123,8,108,76,530, 8, 0, 0, 0, 55,,,,1,1,1,0,166,965,93,,350,,922243,43,0626,44,,74,552,48,H,83
91WN01995, 91441943,91,44,T1943,2,48,02,T-5,2,2,5,5,4.0,4,4,1,96,122,28,114,84,595, 5, 0, 0, 0, 64,t01,,,2,1,1,0,172,1273,,95,,4,853543,43,8913,43,,83,684,40,1,102
91WN01996, 91441944,91,44,T1944,1,48,02,T-5,2,2,5,5,4.0,4,4,1,96,122,22,109,84,599, 7, 0, 0, 0, 64,,,,2,1,1,0,172,1273,93,21,321,4,853543,43,8913,43,,83,636,40,H,92
91WN01997, 91441945,91,44,T1945,2,48,02,T-2,2,2,5,5,6.0,6,4,1,96,122,18,92,73,523, 6, 0, 0,+, 54,t03,,,2,1,1,0,144,1125,,21,,4,922243,43,7062,43,,72,598,40,1,87
91WN01998, 91441946,91,44,T1946,1,48,02,T-2,2,2,5,5,6.0,6,4,1,96,122,1,101,92,671, 6, 0, 0, 0, 67,,,,2,1,1,0,144,1125,,,,4,922243,43,7062,43,,91,680,40,1,99
91WN01999, 91441947,91,44,T1947,1,42,02,862,2,2,5,4,5.0,5,4,2,96,123,6,128,79,538,10, 0, 0, 0, 60,,,,2,1,2,0,157,919,,,,,046744,44,8262,43,,77,536,42,C,83
91WN02000, 91441948,91,44,T1948,2,42,02,862,2,2,5,6,5.0,5,4,2,96,123,23,96,63,434, 9, 0, 0, 0, 49,t02,,,1,1,1,0,157,919,,21,,,046744,44,8262,43,,62,525,42,C,75
91WN02001, 91441949,91,44,T1949,2,48,02,T-5,3,1,7,2,4.0,4,4,2,97,122,26,90,86,631, 8, 0, 0, 0, 68,t03,,,2,1,1,0,172,1060,,,,,853543,43,9157,43,,85,636,48,1,91
91WN02002, 91441951,91,44,T1951,2,42,02,882,1,1,1,1,4.0,4,4,2,97,122,20,98,81,584, 9, 0, 0, 0, 64,t02,,,1,1,1,0,122,829,,,,,955643,43,9302,43,,80,528,42,C,90
91WN02003, 91441952,91,44,T1952,1,48,02,T-2,2,2,5,5,7.0,7,5,1,97,121,35,133,85,593, 6, 0, 0, 0, 65,,,,2,1,1,0,174,1248,,,,4,867243,43,6879,43,,84,661,40,1,92
91WN02004, 91441953,91,44,T1953,2,48,02,T-2,2,2,5,5,7.0,7,5,1,97,121,4,120,71,488, 8, 0, 0, 0, 56,039,,,1,1,1,0,174,1248,93,,281,4,867243,43,6879,43,,71,558,40,2,87
91WN02005, 91441954,91,44,T1954,2,48,02,T-1,2,2,5,5,7.0,7,5,1,97,121,23,124,80,559, 7, 0, 0,?, 56,t01,,,1,1,1,0,147,870,,,,4,922243,43,6406,43,,79,655,48,1,91
91WN02006, 91441955,91,44,T1955,2,48,02,T-1,2,2,5,5,7.0,7,5,2,97,122,19,108,53,346, 8, 0, 0, 0, 40,049,,,2,1,1,0,147,870,92,,262,4,922243,43,6406,43,,52,411,48,2,65
91WN02007, 91441956,91,44,T1956,1,48,02,T-1,2,2,5,5,2.0,2,2,2,97,122,17,122,79,548,10, 0, 0, 0, 62,,,,2,1,1,0,149,940,93,,321,,922243,43,0602,44,,78,583,40,H,89
91WN02008, 91441957,91,44,T1957,1,48,02,T-1,2,2,5,5,2.0,2,2,2,97,122,1,106,67,462, 8, 0, 0, 0, 46,,,,2,1,2,0,149,940,93,,266,,922243,43,0602,44,,66,476,40,3,72
91WN02009, 91441958,91,44,T1958,2,48,02,T-1,2,2,5,5,2.0,2,2,2,97,122,25,86,72,520, 4, 0, 0, 0, 54,t01,,,1,1,1,0,166,981,,28,,,853543,43,0727,44,,71,609,48,1,73
91WN02010, 91441959,91,44,T1959,2,48,02,T-1,2,2,5,5,2.0,2,2,2,97,122,22,74,74,546, 6, 0, 0, 0, 58,t01,,,2,1,1,0,166,981,,,,,853543,43,0727,44,,73,631,48,1,81
91WN02011, 91441960,91,44,T1960,2,48,02,T-5,1,1,1,1,2.0,2,2,2,97,122,22,113,85,604, 6, 0, 0,+, 68,t03,,,1,1,1,0,166,951,,,,,867243,43,0688,44,,84,579,48,1,93
91WN02012, 91441961,91,44,T1961,2,48,02,T-1,2,2,5,5,4.0,4,4,2,97,122,13,112,85,605, 8, 0, 0,+, 63,t02,,,1,1,1,0,159,1159,,95,,,922243,43,9013,43,,84,650,40,1,88
91WN02013, 91441962,91,44,T1962,2,48,02,T-1,2,2,5,5,4.0,4,4,2,97,122,13,101,77,548, 8, 0, 0,+, 55,t03,,,2,1,1,0,159,1159,,,,,922243,43,9013,43,,76,593,40,1,87
91WN02014, 91441963,91,44,T1963,1,48,02,T-3,1,1,1,1,7.0,7,5,4,97,114,1,136,102,775, 0, 0, 0, 0,  0,,,,,1,,0,120,729,93,,266,4,867243,43,6644,43,,107,601,48,3,120
91WN02015, 91441964,91,44,T1964,2,48,02,T-1,2,2,5,6,3.0,3,3,2,97,122,12,92,70,498, 6, 0, 0, 0, 49,043,,,2,1,1,0,144,935,93,95,281,,853543,43,0068,44,,69,577,40,2,80
91WN02016, 91441965,91,44,T1965,2,48,02,T-1,2,2,5,4,3.0,3,3,2,97,122,8,108,76,534, 6, 0, 0, 0, 58,t01,,,2,1,1,0,144,935,,95,,,853543,43,0068,44,,75,587,40,1,83
91WN02017, 91441966,91,44,T1966,2,42,02,832,2,2,5,5,2.0,2,2,2,97,122,1,97,63,437, 8, 0, 0, 0, 44,t01,,,2,1,1,0,149,949,,95,,,039544,44,0705,44,,62,494,42,C,73
91WN02018, 91441967,91,44,T1967,2,42,02,832,2,2,5,5,2.0,2,2,2,97,122,8,96,74,528, 8, 0, 0, 0, 54,t03,,,2,1,1,0,149,949,,,,,039544,44,0705,44,,73,595,42,C,90
91WN02019, 91441968,91,44,T1968,3,48,02,T-5,2,2,5,5,3.0,3,3,2,97,122,18,116,83,585, 8, 0, 0, 0, 60,,,,2,1,1,0,158,1035,93,,321,,922243,43,9996,43,,82,606,48,*,93
91WN02020, 91441969,91,44,T1969,2,48,02,T-5,2,2,5,5,3.0,3,3,2,97,122,4,101,73,516, 5, 0, 0, 0, 56,OUT,,,4,1,1,0,158,1035,93,97,281,,922243,43,9996,43,,72,551,48,3,82
91WN02021, 91441971,91,44,T1971,3,48,02,T-2,3,2,8,5,2.0,2,2,2,97,122,28,84,70,505, 8, 0, 0, 0, 53,,,,1,1,1,0,166,944,99,,,,867243,43,0461,44,,69,566,48,E,86
91WN02022, 91441972,91,44,T1972,2,48,02,T-2,3,2,8,5,2.0,2,2,2,97,122,17,78,64,461, 8, 0, 0, 0, 48,046,,,2,1,1,0,166,944,93,,281,,867243,43,0461,44,,63,540,48,2,74
91WN02023, 91441973,91,44,T1973,2,48,02,T-1,3,2,8,6,5.0,5,4,2,97,122,17,99,66,460, 5, 0, 0, 0, 50,046,,,2,1,1,0,179,1105,93,95,281,,853543,43,7885,43,,65,544,48,2,74
91WN02024, 91441974,91,44,T1974,2,48,02,T-1,3,2,8,4,5.0,5,4,2,97,122,5,118,72,493, 6, 0, 0, 0, 55,t03,,,2,1,1,0,179,1105,,21,,,853543,43,7885,43,,71,540,48,1,80
91WN02025, 91441976,91,44,T1976,2,48,02,T-3,3,3,9,8,4.0,4,4,2,97,122,14,85,78,570, 6, 0, 0, 0, 59,t02,,,2,1,1,0,159,1068,,,,,853543,43,8685,43,,77,650,48,1,90
91WN02026, 91441977,91,44,T1977,2,48,02,T-3,3,3,9,8,4.0,4,4,2,97,122,20,101,60,409, 6, 0, 0, 0, 39,047,,,2,1,1,0,159,1068,93,,281,,853543,43,8685,43,,59,497,48,2,72
91WN02027, 91441978,91,44,T1978,2,48,02,T-3,3,3,9,8,4.0,4,4,2,97,122,21,104,82,587, 4, 0, 0, 0, 65,t03,,,2,1,1,0,159,1068,,,,,853543,43,8685,43,,81,676,48,1,97
91WN02028, 91441980,91,44,T1980,2,48,02,T-4,2,2,5,4,4.0,4,4,2,97,122,22,112,74,515, 9, 0, 0, 0, 58,OUT,,,1,1,1,0,147,866,93,,281,,922243,43,8633,43,,73,585,48,3,87
91WN02029, 91441981,91,44,T1981,2,48,02,T-4,2,2,5,6,4.0,4,4,2,97,122,6,85,77,561, 6, 0, 0, 0, 58,OUT,,,2,1,1,0,147,866,93,14,281,,922243,43,8633,43,,76,630,48,3,81
91WN02030, 91441982,91,44,T1982,3,48,02,T-5,1,1,1,1,2.0,2,2,2,97,122,26,138,91,633, 7, 0, 0, 0, 75,,,,2,1,1,0,149,831,93,,321,,853543,43,0634,44,,90,611,40,*,97
91WN02031, 91441984,91,44,T1984,1,48,02,T-1,3,2,8,6,5.0,5,4,2,97,122,2,88,89,657, 7, 0, 0, 0, 68,,,,2,1,1,0,190,1127,,,,,867243,43,7894,43,,88,698,40,1,95
91WN02032, 91441985,91,44,T1985,2,48,02,T-1,3,2,8,4,5.0,5,4,2,97,122,6,109,58,386, 6, 0, 0, 0, 41,048,,,2,1,1,0,190,1127,92,,262,,867243,43,7894,43,,57,435,40,2,67
91WN02033, 91441988,91,44,T1988,2,48,02,T-4,2,2,5,5,3.0,3,3,2,97,122,26,83,73,530, 7, 0, 0,+, 53,t03,,,2,1,1,0,144,941,,95,,,922243,43,9574,43,,72,594,48,1,88
91WN02034, 91441989,91,44,T1989,2,48,02,T-4,2,2,5,5,3.0,3,3,2,97,122,28,85,81,594, 8, 0, 0,+, 57,t03,,,2,1,1,0,144,941,,95,,,922243,43,9574,43,,80,661,48,1,90
91WN02035, 91441991,91,44,T1991,1,48,02,T-5,3,2,8,5,5.0,5,4,2,97,122,30,110,84,598, 5, 0, 0, 0, 68,,,,2,1,5,0,157,1042,93,,266,,867243,43,8073,43,,83,622,48,3,98
91WN02036, 91441992,91,44,T1992,1,48,02,T-5,3,2,8,5,5.0,5,4,2,97,122,17,106,81,577, 9, 0, 0, 0, 63,,,,2,1,3,0,157,1042,93,,321,,867243,43,8073,43,,80,584,48,H,85
91WN02037, 91441993,91,44,T1993,2,48,02,T-2,1,1,1,1,2.0,2,2,2,97,122,18,130,94,664, 6, 0, 0,+, 72,t01,,,2,1,1,0,166,986,,,,,922243,43,0689,44,,93,633,48,1,106
91WN02038, 91441994,91,44,T1994,3,48,02,T-4,2,2,5,5,2.0,2,2,2,97,122,29,98,67,469, 9, 0, 0, 0, 53,,,,2,1,1,0,166,1110,99,,,,867243,43,0639,44,,66,531,48,E,82
91WN02039, 91441995,91,44,T1995,2,48,02,T-4,2,2,5,5,2.0,2,2,2,97,122,28,98,70,493, 9, 0, 0, 0, 54,042,,,1,1,2,0,166,1110,93,,281,,867243,43,0639,44,,69,586,48,2,81
91WN02040, 91441996,91,44,T1996,2,48,02,T-1,2,2,5,5,3.0,3,3,2,97,122,18,95,88,643, 6, 0, 0,+, 62,t03,,,2,1,1,0,144,1001,,,,,922243,43,9849,43,,87,696,40,1,98
91WN02041, 91441997,91,44,T1997,3,48,02,T-1,2,2,5,5,3.0,3,3,2,97,122,21,94,74,530, 5, 0, 0, 0, 62,,,,2,1,1,0,144,1001,99,95,,,922243,43,9849,43,,73,555,40,E,90
91WN02042, 91441998,91,44,T1998,2,48,02,T-3,1,1,1,1,2.0,2,2,2,97,122,18,136,97,684, 8, 0, 0, 0, 69,t02,,,2,1,1,0,133,849,,95,,,853543,43,0876,44,,96,653,40,1,111
91WN02043, 91441999,91,44,T1999,1,48,02,T-2,1,1,1,1,2.0,2,2,2,97,122,19,141,108,770, 5, 0, 0, 0, 85,,,,2,1,2,0,149,1007,,,,,922243,43,0562,44,,106,672,48,1,123
91WN02044, 91442000,91,44,T2000,2,48,02,T-2,4,1,0,2,4.0,4,4,3,97,128,19,90,85,594, 0, 0, 0, 0, 52,t02,,,,1,,0,221,864,,,,,853543,43,9105,43,,80,537,40,1,84
91WN02045, 91442001,91,44,T2001,2,48,02,T-2,4,1,0,2,4.0,4,4,2,97,122,26,93,82,596, 6, 0, 0, 0, 59,t02,,,2,1,1,0,221,864,,,,,853543,43,9105,43,,81,601,40,1,92
91WN02046, 91442005,91,44,T2005,1,48,02,T-3,2,1,3,2,5.0,5,4,2,97,122,18,116,91,651, 7, 0, 0, 0, 70,,,,2,1,1,0,201,957,93,,266,,922243,43,8204,43,,90,571,48,3,101
91WN02047, 91442007,91,44,T2007,2,48,02,T-4,3,2,8,5,4.0,4,4,2,97,122,7,78,73,534, 6, 0, 0, 0, 52,OUT,,,1,1,1,0,134,761,97,57,249,,853543,43,8628,43,,72,571,48,3,0
91WN02048, 91442008,91,44,T2008,2,48,02,T-4,3,2,8,5,4.0,4,4,2,97,122,11,83,76,555, 8, 0, 0, 0, 57,044,,,2,1,1,0,134,761,93,,281,,853543,43,8628,43,,75,597,48,2,79
91WN02049, 91442009,91,44,T2009,1,48,02,T-3,2,2,5,6,5.0,5,4,2,97,122,4,122,101,728, 7, 0, 0, 0, 75,,,,2,1,2,0,135,948,,,,,867243,43,8383,43,,100,771,48,1,112
91WN02050, 91442010,91,44,T2010,1,48,02,T-3,2,2,5,4,5.0,5,4,2,97,122,4,150,92,631, 6, 0, 0, 0, 72,,,,1,1,1,0,135,948,93,,266,,867243,43,8383,43,,91,628,48,3,94
91WN02051, 91442011,91,44,T2011,2,41,02,412,2,2,5,6,4.0,4,4,2,97,122,2,100,76,541, 6, 0, 0, 0, 54,t03,,,2,1,1,0,172,1147,,,,,072644,44,8663,43,,75,605,41,P,87
91WN02052, 91442012,91,44,T2012,1,41,02,412,2,2,5,4,4.0,4,4,2,97,122,6,118,89,633, 5, 0, 0, 0, 63,,,,1,1,1,0,172,1147,,,,,072644,44,8663,43,,88,632,41,P,92
91WN02053, 91442014,91,44,T2014,2,41,02,412,2,2,5,5,3.0,3,3,2,97,122,27,108,79,559, 6, 0, 0, 0, 60,t01,,,2,1,1,0,158,952,,,,,072644,44,0084,44,,78,624,41,P,89
91WN02054, 91442015,91,44,T2015,1,41,02,412,2,2,5,5,3.0,3,3,2,97,122,24,125,90,635, 5, 0, 0, 0, 66,,,,2,1,2,0,158,952,,,,,072644,44,0084,44,,89,653,41,1,98
91WN02055, 91442016,91,44,T2016,2,41,02,413,2,2,5,5,2.0,2,2,2,97,122,20,111,83,589, 8, 0, 0,+, 65,t02,,,2,1,1,0,166,1173,,21,,,073944,44,0329,44,,82,672,41,P,93
91WN02056, 91442017,91,44,T2017,2,41,02,413,2,2,5,5,2.0,2,2,2,97,122,13,105,69,480, 6, 0, 0, 0, 50,044,,,2,1,1,0,166,1173,93,,281,,073944,44,0329,44,,68,553,41,2,79
91WN02057, 91442018,91,44,T2018,2,41,02,413,1,1,1,1,3.0,3,3,2,97,122,18,106,83,593, 9, 0, 0, 0, 72,039,,,2,1,1,0,144,894,93,,281,,073944,44,9544,43,,82,536,41,2,94
91WN02058, 91442019,91,44,T2019,3,48,02,T-4,2,1,3,2,4.0,4,4,2,97,122,19,133,92,645, 9, 0, 0, 0, 72,,,,2,1,1,0,147,850,93,21,281,,867243,43,8862,43,,91,586,40,*,105
91WN02059, 91442020,91,44,T2020,3,48,02,T-4,2,1,3,2,4.0,4,4,2,97,122,27,114,94,677,10, 0, 0, 0, 70,,,,2,1,1,0,147,850,93,,281,,867243,43,8862,43,,93,629,40,3,104
91WN02060, 91442021,91,44,T2021,2,48,02,T-3,2,2,5,5,3.0,3,3,1,97,121,16,101,66,462, 9, 0, 0, 0, 45,042,,,2,1,1,0,173,980,93,,281,4,853543,43,9584,43,,66,538,40,2,81
91WN02061, 91442022,91,44,T2022,1,48,02,T-3,2,2,5,5,3.0,3,3,1,97,121,6,118,74,514, 7, 0, 0, 0, 54,,,,1,1,2,0,173,980,93,,321,4,853543,43,9584,43,,73,533,40,H,87
91WN02062, 91442023,91,44,T2023,2,48,02,T-3,2,2,5,5,3.0,3,3,2,97,122,7,125,94,668, 9, 0, 0,+, 67,t01,,,2,1,1,0,187,939,,95,,,922243,43,9930,43,,93,707,40,1,98
91WN02063, 91442024,91,44,T2024,3,48,02,T-3,2,2,5,5,3.0,3,3,2,97,122,2,136,75,503, 8, 0, 0, 0, 60,,,,6,1,1,0,187,939,99,02,,,922243,43,9930,43,,74,502,40,E,85
91WN02064, 91442025,91,44,T2025,1,41,02,412,1,1,1,1,2.0,2,2,2,97,122,15,126,107,774, 9, 0, 0, 0, 78,,,,2,1,2,0,149,1009,,14,,,072644,44,0342,44,,105,670,41,P,122
91WN02065, 91442026,91,44,T2026,2,48,02,T-4,2,2,5,5,3.0,3,3,2,97,122,28,94,64,448, 8, 0, 0, 0, 47,044,,,1,1,1,0,144,894,93,95,281,,922243,43,9440,43,,63,515,48,2,78
91WN02066, 91442027,91,44,T2027,3,48,02,T-4,2,2,5,5,3.0,3,3,2,97,122,1,98,74,526, 8, 0, 0, 0, 57,,,,1,1,1,0,144,894,99,95,,,922243,43,9440,43,,73,524,48,E,84
91WN02067, 91442029,91,44,T2029,1,48,02,T-3,2,1,3,2,6.0,6,4,2,97,122,15,119,75,517, 5, 0, 0, 0, 56,,,,2,1,1,0,164,1063,93,95,266,,922243,43,6975,43,,74,433,48,3,83
91WN02068, 91442030,91,44,T2030,1,42,02,852,2,2,5,4,3.0,3,3,2,97,122,17,105,81,578, 6, 0, 0, 0, 61,,,,2,1,1,0,144,913,,,,,040344,44,9746,43,,80,594,42,C,91
91WN02069, 91442031,91,44,T2031,1,42,02,852,2,2,5,6,3.0,3,3,2,97,122,8,87,70,502, 9, 0, 0, 0, 51,,,,2,1,1,0,144,913,93,,266,,040344,44,9746,43,,69,553,42,3,76
91WN02070, 91442032,91,44,T2032,3,42,02,852,2,2,5,6,4.0,4,4,2,97,122,6,82,63,449, 9, 0, 0, 0, 40,,,,1,1,1,0,147,948,99,,,,040344,44,8583,43,,62,506,42,E,75
91WN02071, 91442033,91,44,T2033,3,42,02,852,2,2,5,4,4.0,4,4,2,97,122,20,101,74,524,15, 0, 0, 0, 59,,,,2,1,1,0,147,948,99,,,,040344,44,8583,43,,73,555,42,E,84
91WN02072, 91442034,91,44,T2034,1,41,02,412,2,2,5,5,4.0,4,4,2,97,122,8,130,75,508, 8, 0, 0, 0, 60,,,,2,1,1,0,147,949,93,,266,,072644,44,8839,43,,74,503,41,3,94
91WN02073, 91442035,91,44,T2035,1,41,02,412,2,2,5,5,4.0,4,4,2,97,122,24,133,70,465, 9, 0, 0, 0, 55,,,,1,1,1,0,147,949,93,,321,,072644,44,8839,43,,69,481,41,H,82
91WN02074, 91442036,91,44,T2036,3,41,02,412,1,1,1,1,2.0,2,2,2,97,122,25,108,88,633, 9, 0, 0, 0, 69,,,,1,1,1,0,149,967,93,,281,,072644,44,0571,44,,87,610,41,*,106
91WN02075, 91442037,91,44,T2037,1,48,02,T-2,1,1,1,1,3.0,3,3,4,97,114,1,131,112,868, 0, 0, 0, 0,  0,,,,,1,,0,130,828,93,,266,4,922243,43,9981,43,,117,683,48,3,117
91WN02076, 91442039,91,44,T2039,1,48,02,T-5,3,2,8,7,5.0,5,4,2,97,122,20,82,44,293,10, 0, 0, 0, 34,,,,1,1,1,0,168,1040,93,,266,,922243,43,8513,43,,43,358,48,3,45
91WN02077, 91442040,91,44,T2040,1,48,02,T-5,3,2,8,3,5.0,5,4,2,97,122,8,112,98,711, 6, 0, 0, 0, 73,,,,1,1,1,0,168,1040,,,,,922243,43,8513,43,,97,713,48,1,107
91WN02078, 91442041,91,44,T2041,3,41,02,414,2,2,5,5,2.0,2,2,2,97,122,19,91,70,499, 8, 0, 0, 0, 52,,,,1,2,1,0,149,965,99,04,,,040944,44,0334,44,,69,548,41,E,81
91WN02079, 91442042,91,44,T2042,2,41,02,414,2,2,5,5,2.0,2,2,2,97,122,1,89,76,550, 6, 0, 0, 0, 56,t03,,,1,1,1,0,149,965,,,,,040944,44,0334,44,,75,607,41,P,84
91WN02080, 91442043,91,44,T2043,2,41,02,414,2,2,5,5,2.0,2,2,2,97,122,19,118,73,502, 5, 0, 0, 0, 57,041,,,2,1,1,0,183,1164,93,,281,,040944,44,0423,44,,72,583,41,2,83
91WN02081, 91442044,91,44,T2044,2,41,02,414,2,2,5,5,2.0,2,2,2,97,122,4,101,79,565, 6, 0, 0, 0, 60,t02,,,1,1,1,0,183,1164,,,,,040944,44,0423,44,,78,626,41,P,90
91WN02082, 91442045,91,44,T2045,1,48,02,T-2,1,1,1,1,5.0,5,4,4,97,114,1,131,106,815, 0, 0, 0, 0,  0,,,,,3,,0,157,959,97,05,310,4,853543,43,7732,43,,111,628,40,1,118
91WN02083, 91442046,91,44,T2046,2,48,02,T-1,2,2,5,6,6.0,6,4,1,97,121,16,99,72,513, 7, 0, 0, 0, 53,t03,,,2,1,1,0,134,973,,,,4,853543,43,7582,43,,71,620,48,1,84
91WN02084, 91442047,91,44,T2047,1,48,02,T-1,2,2,5,4,6.0,6,4,1,97,121,7,126,84,590, 7, 0, 0, 0, 71,,,,2,1,1,0,134,973,93,,266,4,853543,43,7582,43,,83,616,48,3,88
91WN02085, 91442048,91,44,T2048,2,48,02,T-3,3,2,8,5,3.0,3,3,2,97,122,19,80,68,492, 6, 0, 0, 0, 48,045,,,2,1,1,0,201,1110,92,,262,,922243,43,9583,43,,67,547,40,2,77
91WN02086, 91442049,91,44,T2049,2,48,02,T-3,3,2,8,5,3.0,3,3,2,97,122,12,82,73,531, 6, 0, 0,+, 54,t03,,,1,1,1,0,201,1110,,,,,922243,43,9583,43,,72,576,40,1,85
91WN02087, 91442050,91,44,T2050,3,48,02,T-5,2,2,5,5,5.0,5,4,2,97,122,23,123,89,629, 8, 0, 0, 0, 65,,,,2,1,1,0,135,848,93,21,321,,853543,43,8437,43,,88,654,48,*,98
91WN02088, 91442051,91,44,T2051,1,48,02,T-5,2,2,5,5,5.0,5,4,2,97,122,28,117,72,494, 8, 0, 0, 0, 57,,,,2,1,1,0,135,848,93,,321,,853543,43,8437,43,,71,515,48,H,88
91WN02089, 91442052,91,44,T2052,2,41,02,414,2,2,5,5,3.0,3,3,2,98,121,1,104,76,542, 8, 0, 0, 0, 52,t01,,,1,1,1,0,187,1274,,,,,040944,44,9777,43,,75,574,41,P,82
91WN02090, 91442053,91,44,T2053,2,41,02,414,2,2,5,5,3.0,3,3,2,98,121,24,108,75,531, 0, 0, 0, 0, 56,t03,,,,1,,0,187,1274,,,,,040944,44,9777,43,,74,594,41,P,85
91WN02091, 91442054,91,44,T2054,2,48,02,T-2,1,1,1,1,4.0,4,4,4,98,113,1,131,89,672, 0, 0, 0,+,  0,t01,,,,1,,0,122,711,,,,4,922243,43,9045,43,,94,555,48,1,93
91WN02092, 91442055,91,44,T2055,1,48,02,T-1,1,1,1,1,2.0,2,2,4,98,113,1,96,91,720, 0, 0, 0, 0,  0,,,,,1,,0,149,972,93,,266,4,867243,43,0878,44,,96,563,40,3,103
91WN02093, 91442056,91,44,T2056,2,48,02,T-4,2,2,5,5,6.0,6,4,2,98,121,29,105,71,500, 8, 0, 0, 0, 55,041,,,2,1,1,0,124,871,93,95,281,,867243,43,7155,43,,71,568,48,2,84
91WN02094, 91442057,91,44,T2057,2,48,02,T-4,2,2,5,5,6.0,6,4,2,98,121,22,111,73,512, 4, 0, 0, 0, 56,043,,,1,1,1,0,124,871,93,95,281,,867243,43,7155,43,,72,570,48,2,80
91WN02095, 91442058,91,44,T2058,2,48,02,T-4,2,2,5,5,5.0,5,4,1,98,120,1,124,81,572, 7, 0, 0,+, 59,t03,,,1,1,1,0,179,1252,,95,,4,922243,43,8131,43,,81,627,48,1,95
91WN02096, 91442059,91,44,T2059,2,48,02,T-4,2,2,5,5,5.0,5,4,1,98,120,32,122,64,432, 6, 0, 0, 0, 45,043,,,1,1,1,0,179,1252,93,,281,4,922243,43,8131,43,,64,528,48,2,80
91WN02097, 91442061,91,44,T2061,3,48,02,T-2,2,1,3,2,2.0,2,2,2,98,121,4,115,97,707, 9, 0, 0, 0, 73,,,,6,1,1,0,166,838,93,,281,,922243,43,0647,44,,96,657,40,3,105
91WN02098, 91442062,91,44,T2062,2,41,02,412,2,2,5,5,2.0,2,2,2,98,121,25,98,72,514, 8, 0, 0, 0, 55,t01,,,2,1,1,0,166,1177,,,,,072644,44,0400,44,,71,605,41,P,84
91WN02099, 91442063,91,44,T2063,2,41,02,412,2,2,5,5,2.0,2,2,2,98,121,24,97,74,531, 6, 0, 0, 0, 54,t02,,,1,1,1,0,166,1177,,,,,072644,44,0400,44,,73,620,41,P,84
91WN02100, 91442064,91,44,T2064,2,48,02,T-4,2,2,5,3,3.0,3,3,2,98,121,20,136,92,648, 5, 0, 0,+, 72,t02,,,2,1,1,0,144,943,,95,,,922243,43,9693,43,,91,718,48,1,103
91WN02101, 91442065,91,44,T2065,3,48,02,T-4,2,2,5,7,3.0,3,3,2,98,121,30,99,78,563, 8, 0, 0, 0, 55,,,,1,1,1,0,144,943,99,,,,922243,43,9693,43,,77,656,48,E,90
91WN02102, 91442066,91,44,T2066,2,48,02,T-1,2,1,3,2,3.0,3,3,1,98,120,16,113,54,356, 7, 0, 0, 0, 57,039,,,1,1,1,0,201,1183,93,95,281,,867243,43,9587,43,,54,375,40,2,87
91WN02103, 91442067,91,44,T2067,1,48,02,T-2,2,2,5,5,4.0,4,4,2,98,121,12,125,82,574, 6, 0, 0, 0, 65,,,,1,1,1,0,147,918,93,,321,,867243,43,8609,43,,81,575,48,H,86
91WN02104, 91442068,91,44,T2068,2,48,02,T-2,2,2,5,5,4.0,4,4,2,98,121,27,114,78,550, 5, 0, 0,?, 65,t03,,,1,1,1,0,147,918,,95,,,867243,43,8609,43,,77,615,48,1,89
91WN02105, 91442069,91,44,T2069,2,48,02,T-3,1,1,1,1,2.0,2,2,2,98,121,26,128,101,729, 5, 0, 0, 0, 82,t02,,,2,1,1,0,133,863,,95,,,853543,43,0749,44,,100,710,40,1,114
91WN02106, 91442070,91,44,T2070,2,48,02,T-2,2,2,5,5,3.0,3,3,2,98,121,1,96,66,466, 7, 0, 0, 0, 51,041,,,2,1,1,0,158,986,93,,281,,922243,43,0189,44,,66,498,48,2,83
91WN02107, 91442071,91,44,T2071,2,48,02,T-2,2,2,5,5,3.0,3,3,2,98,121,28,102,74,527, 6, 0, 0,+, 56,t01,,,1,1,1,0,158,986,,95,,,922243,43,0189,44,,73,595,48,1,86
91WN02108, 91442072,91,44,T2072,3,48,02,T-5,3,2,8,5,4.0,4,4,2,98,121,19,103,83,601, 7, 0, 0, 0, 63,,,,1,1,1,0,172,1011,93,,321,,867243,43,9287,43,,82,622,48,*,98
91WN02109, 91442073,91,44,T2073,3,48,02,T-5,3,2,8,5,4.0,4,4,2,98,121,13,104,81,583, 9, 0, 0, 0, 60,,,,1,1,1,0,172,1011,93,,321,,867243,43,9287,43,,80,596,48,*,94
91WN02110, 91442075,91,44,T2075,1,42,02,862,2,2,5,5,3.0,3,3,2,98,121,21,91,63,445, 8, 0, 0, 0, 56,,,,2,1,1,0,158,965,93,,266,,046744,44,9787,43,,63,460,42,3,71
91WN02111, 91442076,91,44,T2076,2,42,02,862,2,2,5,5,3.0,3,3,2,98,121,16,87,66,474, 8, 0, 0, 0, 52,t03,,,1,1,1,0,158,965,,,,,046744,44,9787,43,,66,526,42,C,76
91WN02112, 91442078,91,44,T2078,2,48,02,T-2,2,1,3,2,3.0,3,3,2,98,121,18,100,85,620, 8, 0, 0,+, 76,t01,,,1,1,1,0,158,922,,,,,867243,43,0205,44,,84,617,40,1,100
91WN02113, 91442080,91,44,T2080,1,48,02,T-4,2,1,3,2,6.0,6,4,2,98,121,29,121,75,520, 8, 0, 0, 0, 63,,,,2,1,1,0,134,853,93,,321,4,867243,43,7105,43,,74,456,48,H,86
91WN02114, 91442081,91,44,T2081,2,48,02,T-5,2,2,5,5,3.0,3,3,2,98,121,28,97,60,416, 6, 0, 0, 0, 47,048,,,2,1,1,0,144,894,92,,262,4,867243,43,9480,43,,60,484,48,2,69
91WN02115, 91442082,91,44,T2082,2,48,02,T-5,2,2,5,5,3.0,3,3,2,98,121,26,108,65,448, 6, 0, 0, 0, 50,045,,,1,1,1,0,144,894,92,95,262,4,867243,43,9480,43,,65,513,48,2,77
91WN02116, 91442083,91,44,T2083,2,48,02,T-5,2,2,5,5,4.0,4,4,2,98,121,5,109,77,546, 6, 0, 0, 0, 57,,,,1,1,1,0,172,1253,97,,249,4,853543,43,9336,43,,76,581,48,1,0
91WN02117, 91442084,91,44,T2084,1,48,02,T-5,2,2,5,5,4.0,4,4,2,98,121,8,116,86,615, 4, 0, 0, 0, 69,,,,2,1,1,0,172,1253,93,,266,4,853543,43,9336,43,,85,611,48,3,95
91WN02118, 91442085,91,44,T2085,2,41,02,413,2,2,5,5,4.0,4,4,2,98,121,3,101,93,685, 8, 0, 0,+, 64,t02,,,2,1,1,0,172,1259,,95,,,073944,44,8540,43,,92,718,41,P,108
91WN02119, 91442086,91,44,T2086,3,41,02,413,2,2,5,5,4.0,4,4,2,98,121,23,108,77,547, 9, 0, 0, 0, 63,,,,2,4,2,0,172,1259,99,90,,,073944,44,8540,43,,76,574,41,E,96
91WN02120, 91442087,91,44,T2087,2,48,02,T-1,2,2,5,5,5.0,5,4,2,98,121,23,118,82,580, 8, 0, 0,+, 63,t01,,,2,1,1,0,168,1118,,,,,922243,43,8107,43,,81,639,40,1,96
91WN02121, 91442088,91,44,T2088,3,48,02,T-1,2,2,5,5,5.0,5,4,2,98,121,22,106,85,615, 7, 0, 0, 0, 66,,,,1,1,1,0,168,1118,93,,321,,922243,43,8107,43,,84,640,40,*,91
91WN02122, 91442093,91,44,T2093,3,48,02,T-5,2,1,3,2,2.0,2,2,2,98,121,7,106,89,648, 8, 0, 0, 0, 70,,,,1,1,1,0,166,946,93,21,321,,922243,43,0800,44,,88,602,48,*,98
91WN02123, 91442095,91,44,T2095,3,48,02,T-2,2,2,5,5,5.0,5,4,2,98,121,18,93,74,535, 5, 0, 0, 0, 54,,,,1,1,1,0,157,1090,99,,,,853543,43,8217,43,,73,555,48,E,86
91WN02124, 91442096,91,44,T2096,3,48,02,T-2,2,2,5,5,5.0,5,4,2,98,121,1,104,74,526, 5, 0, 0, 0, 55,,,,2,1,1,0,157,1090,99,,,,853543,43,8217,43,,73,523,48,E,85
91WN02125, 91442097,91,44,T2097,1,48,02,T-1,1,1,1,1,4.0,4,4,2,98,121,19,182,115,800, 8, 0, 0, 0, 91,,,,2,1,1,0,159,1169,,,,,853543,43,9277,43,,114,674,40,1,121
91WN02126, 91442099,91,44,T2099,2,42,02,862,1,1,1,1,7.0,7,5,2,98,121,13,133,82,568, 9, 0, 0, 0, 63,t01,,,2,1,1,0,138,773,,95,,,046744,44,6683,43,,81,516,42,C,87
91WN02127, 91442101,91,44,T2101,2,42,02,812,2,2,5,6,4.0,4,4,2,98,121,3,99,53,356, 8, 0, 0, 0, 38,OUT,,,2,1,1,0,184,818,93,,281,,033644,44,8955,43,,53,422,42,3,63
91WN02128, 91442102,91,44,T2102,2,42,02,812,2,2,5,4,4.0,4,4,2,98,121,3,117,55,358, 9, 0, 0, 0, 34,t02,,,2,1,1,0,184,818,,,,,033644,44,8955,43,,55,404,42,C,63
91WN02129, 91442103,91,44,T2103,2,41,02,414,1,1,1,1,2.0,2,2,2,98,121,1,130,97,694, 8, 0, 0, 0, 75,t03,,,1,1,1,0,149,1002,,,,,040944,44,0380,44,,96,642,41,P,110
91WN02130, 91442104,91,44,T2104,3,48,02,T-4,1,1,1,1,2.0,2,2,2,98,121,23,121,97,702, 9, 0, 0, 0, 79,,,,2,1,1,0,149,983,93,,281,,922243,43,0882,44,,96,677,40,3,110
91WN02131, 91442105,91,44,T2105,1,48,02,T-5,2,2,5,5,3.0,3,3,2,98,121,12,115,86,616, 5, 0, 0, 0, 57,,,,2,1,2,0,158,950,93,,266,,922243,43,9910,43,,85,619,48,3,96
91WN02132, 91442106,91,44,T2106,1,48,02,T-5,2,2,5,5,3.0,3,3,2,98,121,22,115,90,649, 6, 0, 0, 0, 68,,,,2,1,2,0,158,950,,,,,922243,43,9910,43,,89,665,48,1,102
91WN02133, 91442108,91,44,T2108,2,48,02,T-2,2,1,3,2,7.0,7,5,2,98,121,28,119,83,588, 8, 0, 0,?, 67,t03,,,2,1,1,0,165,928,,,,4,867243,43,6587,43,,82,609,40,1,92
91WN02134, 91442109,91,44,T2109,2,48,02,T-1,2,1,3,2,3.0,3,3,1,98,120,8,119,78,551, 8, 0, 0,+, 62,t01,,,1,1,1,0,201,1183,,,,,867243,43,9587,43,,78,560,40,1,88
91WN02135, 91442110,91,44,T2110,2,41,02,411,2,2,5,5,7.0,7,5,2,98,121,12,113,91,659, 8, 0, 0, 0, 65,t02,,,1,1,1,0,174,1361,,,,,036644,44,6364,43,,90,716,41,P,104
91WN02136, 91442111,91,44,T2111,1,41,02,411,2,2,5,5,7.0,7,5,2,98,121,1,106,94,689, 8, 0, 0, 0, 70,,,,2,1,2,0,174,1361,,,,,036644,44,6364,43,,93,688,41,P,99
91WN02137, 91442112,91,44,T2112,2,42,02,812,2,2,5,5,5.0,5,4,1,99,119,20,121,72,503, 5, 0, 0, 0, 58,t01,,,2,1,1,0,157,1159,,95,,,033644,44,7703,43,,73,585,42,C,79
91WN02138, 91442113,91,44,T2113,2,42,02,812,2,2,5,5,5.0,5,4,1,99,119,7,128,76,531, 8, 0, 0, 0, 62,t01,,,1,1,1,0,157,1159,,95,,,033644,44,7703,43,,77,595,42,C,91
91WN02139, 91442114,91,44,T2114,3,48,02,T-2,1,1,1,1,2.0,2,2,2,99,120,6,148,97,685, 8, 0, 0, 0, 76,,,,2,1,1,0,166,970,93,95,281,,867243,43,0747,44,,97,639,48,3,105
91WN02140, 91442115,91,44,T2115,2,48,02,T-5,2,2,5,5,3.0,3,3,1,99,119,32,114,60,408,10, 0, 0, 0, 46,046,,,1,1,1,0,158,1080,93,,281,,867243,43,9473,43,,60,507,48,2,74
91WN02141, 91442116,91,44,T2116,2,48,02,T-5,2,2,5,5,3.0,3,3,1,99,119,32,102,73,528, 7, 0, 0, 0, 47,OUT,,,1,1,1,0,158,1080,93,22,281,,867243,43,9473,43,,74,627,48,3,77
91WN02142, 91442117,91,44,T2117,1,41,02,411,2,1,3,2,3.0,3,3,1,99,119,32,118,89,649,10, 0, 0, 0, 61,,,,1,1,1,0,144,821,93,,266,,036644,44,0093,44,,90,617,41,3,99
91WN02143, 91442119,91,44,T2119,2,41,02,411,2,2,5,5,2.0,2,2,1,99,119,16,103,64,451, 7, 0, 0, 0, 45,046,,,1,1,1,0,149,990,93,,281,,036644,44,0398,44,,64,556,41,2,76
91WN02144, 91442120,91,44,T2120,2,41,02,411,2,2,5,5,2.0,2,2,1,99,119,15,114,78,560, 8, 0, 0, 0, 54,t02,,,1,1,1,0,149,990,,,,,036644,44,0398,44,,79,663,41,P,94
91WN02145, 91442121,91,44,T2121,1,48,02,T-3,3,2,8,5,4.0,4,4,1,99,119,19,99,73,530, 6, 0, 0, 0, 56,,,,1,1,1,0,159,989,93,,266,,867243,43,8851,43,,74,567,48,3,81
91WN02146, 91442122,91,44,T2122,2,48,02,T-3,3,2,8,5,4.0,4,4,1,99,119,7,96,69,499, 5, 0, 0, 0, 51,040,,,2,1,1,0,159,989,93,,281,,867243,43,8851,43,,69,563,48,2,85
91WN02147, 91442124,91,44,T2124,2,48,02,T-5,1,1,1,1,3.0,3,3,1,99,119,18,124,83,593, 6, 0, 0,+, 73,t01,,,2,1,1,0,130,807,,,,,867243,43,0004,44,,84,563,40,1,97
91WN02148, 91442125,91,44,T2125,2,48,02,T-4,1,1,1,1,4.0,4,4,1,99,119,4,133,74,510, 4, 0, 0,+, 50,t01,,,1,1,1,0,159,938,,,,,867243,43,9091,43,,75,460,48,1,84
91WN02149, 91442127,91,44,T2127,2,48,02,T-4,1,1,1,1,3.0,3,3,2,99,120,24,120,74,517, 4, 0, 0, 0, 53,t02,,,2,1,1,0,158,979,,,,,853543,43,9765,43,,74,470,40,1,83
91WN02150, 91442129,91,44,T2129,3,48,02,T-3,2,2,5,5,4.0,4,4,1,99,119,12,130,75,521, 4, 0, 0, 0, 58,,,,2,1,2,0,159,1024,99,,,,853543,43,8689,43,,76,559,40,E,91
91WN02151, 91442130,91,44,T2130,1,48,02,T-3,2,2,5,5,4.0,4,4,1,99,119,5,128,86,615, 6, 0, 0, 0, 65,,,,2,1,1,0,159,1024,,,,,853543,43,8689,43,,87,633,40,1,93
91WN02152, 91442131,91,44,T2131,1,48,02,T-2,1,1,1,1,6.0,6,4,2,99,120,8,183,121,856, 8, 0, 0, 0, 98,,,,2,1,2,0,124,929,,95,,,853543,43,7431,43,,121,717,48,1,125
91WN02153, 91442132,91,44,T2132,1,48,02,T-4,2,2,5,5,2.0,2,2,1,99,119,26,133,84,594, 7, 0, 0, 0, 66,,,,2,1,1,0,166,1191,,,,,867243,43,0683,44,,85,669,40,1,93
91WN02154, 91442133,91,44,T2133,3,48,02,T-4,2,2,5,5,2.0,2,2,1,99,119,12,125,65,441, 8, 0, 0, 0, 53,,,,1,1,1,0,166,1191,99,16,,,867243,43,0683,44,,65,507,40,E,72
91WN02155, 91442135,91,44,T2135,3,48,02,T-1,4,3,0,8,4.0,4,4,1,99,119,19,85,66,483, 5, 0, 0, 0, 52,,,,1,1,1,0,159,975,99,,,,867243,43,8523,43,,66,585,48,E,76
91WN02156, 91442136,91,44,T2136,2,48,02,T-1,4,3,0,8,4.0,4,4,1,99,119,7,78,59,430, 6, 0, 0, 0, 38,047,,,2,1,1,0,159,975,93,,281,,867243,43,8523,43,,59,528,48,2,73
91WN02157, 91442137,91,44,T2137,1,48,02,T-1,2,2,5,5,6.0,6,4,1,99,119,18,115,81,584, 7, 0, 0, 0, 57,,,,4,1,2,0,164,991,93,,321,,922243,43,7108,43,,82,619,48,H,85
91WN02158, 91442138,91,44,T2138,1,48,02,T-1,2,2,5,5,6.0,6,4,1,99,119,21,120,66,454, 7, 0, 0, 0, 47,,,,2,1,3,0,164,991,10,95,294,,922243,43,7108,43,,66,493,48,H,75
91WN02159, 91442140,91,44,T2140,2,48,02,T-4,2,2,5,6,6.0,6,4,1,99,119,28,94,75,551, 7, 0, 0, 0, 56,039,,,1,1,1,0,134,842,93,,281,,867243,43,7509,43,,76,677,48,2,87
91WN02160, 91442141,91,44,T2141,3,48,02,T-4,2,2,5,4,6.0,6,4,1,99,119,27,117,73,515, 7, 0, 0, 0, 61,,,,1,1,1,0,134,842,99,,,,867243,43,7509,43,,74,583,48,E,79
91WN02161, 91442142,91,44,T2142,2,41,02,414,2,2,5,5,6.0,6,4,1,99,119,10,111,71,503, 7, 0, 0, 0, 53,044,,,2,1,1,0,144,1129,93,,281,,040944,44,7449,43,,72,571,41,2,78
91WN02162, 91442143,91,44,T2143,2,41,02,414,2,2,5,5,6.0,6,4,1,99,119,28,97,71,515, 6, 0, 0, 0, 52,042,,,1,1,1,0,144,1129,93,95,281,,040944,44,7449,43,,72,607,41,2,82
91WN02163, 91442144,91,44,T2144,2,48,02,T-2,1,1,1,1,6.0,6,4,1,99,119,6,147,81,557, 4, 0, 0,+, 65,t03,,,1,1,1,0,144,981,,95,,,922243,43,7546,43,,82,509,48,1,94
91WN02164, 91442145,91,44,T2145,1,48,02,T-3,1,1,1,1,3.0,3,3,1,99,119,10,145,107,777, 6, 0, 0, 0, 82,,,,1,1,1,0,158,1024,,,,,867243,43,9907,43,,108,667,40,1,119
91WN02165, 91442146,91,44,T2146,3,48,02,T-2,2,2,5,5,4.0,4,4,1,99,119,23,132,73,503, 6, 0, 0, 0, 59,,,,2,1,1,0,159,1131,99,21,,,922243,43,9310,43,,74,556,40,E,89
91WN02166, 91442147,91,44,T2147,3,48,02,T-2,2,2,5,5,4.0,4,4,1,99,119,16,113,69,485, 7, 0, 0, 0, 49,,,,1,1,1,0,159,1131,99,21,,,922243,43,9310,43,,69,528,40,E,84
91WN02167, 91442149,91,44,T2149,2,48,02,T-3,2,1,3,2,5.0,5,4,1,99,119,8,120,90,655, 9, 0, 0,+, 67,t02,,,1,1,1,0,146,950,,,,,922243,43,8015,43,,91,663,48,1,97
91WN02168, 91442150,91,44,T2150,1,48,02,T-4,2,1,3,2,4.0,4,4,1,99,119,29,104,63,442, 7, 0, 0, 0, 44,,,,2,1,2,0,172,1114,93,,266,,922243,43,8746,43,,63,404,40,3,75
91WN02169, 91442154,91,44,T2154,3,41,02,414,2,1,3,2,2.0,2,2,1,100,118,27,82,73,549, 6, 0, 0, 0, 52,,,,2,1,1,0,183,935,99,,,,040944,44,0354,44,,74,557,41,E,85
91WN02170, 91442155,91,44,T2155,3,41,02,413,2,2,5,6,2.0,2,2,1,100,118,26,63,49,362,11, 0, 0, 0, 39,,,,2,1,1,0,149,974,93,79,281,,073944,44,0513,44,,50,503,41,*,62
91WN02171, 91442156,91,44,T2156,2,41,02,413,2,2,5,4,2.0,2,2,1,100,118,2,81,89,686, 8, 0, 0,+, 59,t03,,,1,1,1,0,149,974,,21,,,073944,44,0513,44,,90,786,41,P,105
91WN02172, 91442157,91,44,T2157,2,41,02,411,3,1,7,2,2.0,2,2,1,100,118,10,64,54,403, 9, 0, 0, 0, 37,,,,1,1,1,0,183,935,93,79,281,,036644,44,0429,44,,55,443,41,3,65
91WN02173, 91442160,91,44,T2160,2,48,02,T-1,2,1,3,2,3.0,3,3,1,100,118,27,101,76,558, 6, 0, 0,+, 57,t01,,,1,1,1,0,158,911,,,,,867243,43,9640,43,,77,595,40,1,90
91WN02174, 91442162,91,44,T2162,1,48,02,T-2,1,1,1,1,3.0,3,3,1,100,118,27,143,96,692,10, 0, 0, 0, 71,,,,2,1,1,0,130,811,93,,266,,867243,43,9669,43,,97,606,48,3,111
91WN02175, 91442163,91,44,T2163,3,41,02,411,1,1,1,1,2.0,2,2,1,100,118,10,138,90,646, 8, 0, 0, 0, 69,,,,2,1,1,0,149,990,93,,321,,036644,44,0842,44,,91,631,41,*,100
91WN02176, 91442164,91,44,T2164,2,42,02,852,1,1,1,1,2.0,2,2,1,100,118,6,105,74,538, 8, 0, 0, 0, 58,PPL,,,5,1,1,0,166,951,93,95,256,,040344,44,0359,44,,75,520,42,5,90
91WN02177, 91442165,91,44,T2165,2,41,02,413,2,1,3,2,4.0,4,4,1,100,118,1,108,86,637, 3, 0, 0,?, 64,t01,,,2,1,1,0,172,1153,,,,,073944,44,9032,43,,87,637,41,P,101
91WN02178, 91442167,91,44,T2167,3,48,02,T-2,2,2,5,5,3.0,3,3,1,100,118,1,114,75,539, 0, 0, 0, 0, 44,,,,,1,,0,144,913,93,21,321,,853543,43,0203,44,,76,,48,*,81
91WN02179, 91442168,91,44,T2168,2,48,02,T-2,2,2,5,5,3.0,3,3,1,100,118,10,101,66,474, 6, 0, 0, 0, 46,044,,,2,1,1,0,144,913,93,,281,,853543,43,0203,44,,67,545,48,2,78
91WN02180, 91442169,91,44,T2169,1,42,02,832,1,1,1,1,2.0,2,2,1,100,118,11,138,74,510, 5, 0, 0, 0, 57,,,,2,1,2,0,133,792,93,,321,,039544,44,0448,44,,75,429,42,H,83
91WN02181, 91442170,91,44,T2170,1,41,02,411,2,2,5,6,5.0,5,4,1,100,118,4,92,65,473, 8, 0, 0, 0, 47,,,,1,1,2,0,157,853,93,,266,,036644,44,8322,43,,66,545,41,3,60
91WN02182, 91442171,91,44,T2171,1,41,02,411,2,2,5,4,5.0,5,4,1,100,118,17,114,78,564, 7, 0, 0, 0, 58,,,,1,1,1,0,157,853,93,,321,,036644,44,8322,43,,79,607,41,H,91
91WN02183, 91442172,91,44,T2172,2,48,02,T-2,1,1,1,1,5.0,5,4,4,100,111,1,145,105,815, 0, 0, 0, 0,  0,t03,,,,1,,0,146,977,,95,,4,853543,43,8144,43,,112,701,48,1,111
91WN02184, 91442173,91,44,T2173,1,48,02,T-3,1,1,1,1,4.0,4,4,4,100,111,1,138,124,993, 0, 0, 0, 0,  0,,,,,1,,0,147,1121,,,,4,867243,43,9149,43,,133,810,40,1,134
91WN02185, 91442174,91,44,T2174,1,41,02,411,1,1,1,1,5.0,5,4,1,100,118,1,142,92,659, 9, 0, 0, 0, 62,,,,1,1,1,0,168,1133,,,,,036644,44,7828,43,,93,537,41,P,98
91WN02186, 91442176,91,44,T2176,2,48,02,T-3,3,2,8,6,5.0,5,4,1,100,118,22,86,75,563, 7, 0, 0, 0, 55,039,,,2,1,1,0,146,898,93,,281,,922243,43,8129,43,,76,682,40,2,87
91WN02187, 91442177,91,44,T2177,2,48,02,T-3,3,2,8,4,5.0,5,4,1,100,118,19,104,60,420, 7, 0, 0, 0, 49,047,,,1,1,1,0,146,898,93,,281,,922243,43,8129,43,,61,514,40,2,71
91WN02188, 91442178,91,44,T2178,2,42,02,852,2,2,5,6,2.0,2,2,1,100,118,25,78,57,417, 9, 0, 0, 0, 43,,,,2,1,1,0,149,919,93,16,281,,040344,44,0838,44,,58,568,42,3,71
91WN02189, 91442179,91,44,T2179,3,42,02,852,2,2,5,4,2.0,2,2,1,100,118,26,104,53,361, 8, 0, 0, 0, 36,,,,2,1,1,0,149,919,93,16,281,,040344,44,0838,44,,54,457,42,3,66
91WN02190, 91442180,91,44,T2180,1,41,02,414,1,1,1,1,3.0,3,3,1,100,118,33,146,99,715, 8, 0, 0, 0, 74,,,,2,1,2,0,130,832,93,,266,,040944,44,0088,44,,100,637,41,3,110
91WN02191, 91442181,91,44,T2181,2,48,02,T-1,1,1,1,1,6.0,6,4,1,100,118,32,118,93,688, 4, 0, 0, 0, 69,t01,,,2,1,1,0,164,819,,,,,853543,43,7066,43,,94,676,40,1,111
91WN02192, 91442184,91,44,T2184,1,41,02,414,2,2,5,6,3.0,3,3,1,100,118,27,103,55,379,10, 0, 0, 0, 47,,,,1,1,1,0,173,1067,93,,266,,040944,44,9567,43,,56,484,41,3,64
91WN02193, 91442185,91,44,T2185,1,41,02,414,2,2,5,4,3.0,3,3,1,100,118,29,128,64,434, 8, 0, 0, 0, 53,,,,2,1,1,0,173,1067,93,,321,,040944,44,9567,43,,65,494,41,H,75
91WN02194, 91442186,91,44,T2186,1,41,02,413,1,1,1,1,3.0,3,3,1,100,118,34,125,82,589, 8, 0, 0, 0, 66,,,,1,1,2,0,158,1005,93,,321,,073944,44,9692,43,,83,513,41,H,94
91WN02195, 91442187,91,44,T2187,2,48,02,T-1,4,3,0,8,4.0,4,4,1,100,118,23,62,38,269, 8, 0, 0, 0, 25,,,,1,1,1,0,159,975,93,,281,,867243,43,8523,43,,39,389,48,3,51
91WN02196, 91442188,91,44,T2188,3,48,02,T-5,2,2,5,6,4.0,4,4,1,100,118,1,107,76,553, 8, 0, 0, 0, 56,,,,1,1,1,0,134,894,99,,,,922243,43,8880,43,,77,632,48,E,84
91WN02197, 91442189,91,44,T2189,3,48,02,T-5,2,2,5,4,4.0,4,4,1,100,118,23,135,77,538, 9, 0, 0, 0, 62,,,,1,1,1,0,134,894,99,,,,922243,43,8880,43,,78,601,48,E,90
91WN02198, 91442190,91,44,T2190,1,41,02,412,1,1,1,1,2.0,2,2,1,100,118,1,120,103,771, 8, 0, 0, 0, 71,,,,2,1,1,0,149,1013,,,,,072644,44,0309,44,,105,677,41,P,110
91WN02199, 91442192,91,44,T2192,1,41,02,414,3,2,8,5,6.0,6,4,1,101,117,20,102,71,520, 5, 0, 0, 0, 50,,,,1,1,1,0,174,1290,93,,321,,040944,44,7563,43,,73,560,41,H,81
91WN02200, 91442193,91,44,T2193,2,41,02,414,3,2,8,5,6.0,6,4,1,101,117,8,100,66,479, 7, 0, 0, 0, 46,044,,,2,1,1,0,174,1290,93,,281,,040944,44,7563,43,,67,547,41,2,79
91WN02201, 91442194,91,44,T2194,1,48,02,T-5,1,1,1,1,6.0,6,4,1,101,117,35,140,107,795, 7, 0, 0, 0, 80,,,,2,1,1,0,114,893,93,,266,,867243,43,7444,43,,109,719,48,3,115
91WN02202, 91442195,91,44,T2195,3,48,02,T-3,1,1,1,1,7.0,7,5,1,101,117,34,83,51,365, 8, 0, 0, 0, 34,,,,1,1,2,0,129,704,93,,281,,867243,43,6927,43,,52,368,48,3,63
91WN02203, 91442198,91,44,T2198,2,48,02,T-5,2,2,5,5,4.0,4,4,1,101,117,4,114,83,612, 6, 0, 0, 0, 57,t01,,,2,1,1,0,172,1057,,,,,853543,43,9311,43,,85,674,40,1,95
91WN02204, 91442199,91,44,T2199,2,48,02,T-5,2,2,5,5,4.0,4,4,1,101,117,6,124,80,578, 5, 0, 0, 0, 59,t02,,,2,1,1,0,172,1057,,,,,853543,43,9311,43,,82,643,40,1,93
91WN02205, 91442200,91,44,T2200,2,41,02,414,2,2,5,5,4.0,4,4,1,101,117,22,131,76,538, 5, 0, 0, 0, 58,t02,,,1,1,1,0,172,1210,,95,,,040944,44,9295,43,,78,625,41,P,89
91WN02206, 91442201,91,44,T2201,1,41,02,414,2,2,5,5,4.0,4,4,1,101,117,21,122,90,665, 5, 0, 0, 0, 62,,,,1,1,5,0,172,1210,93,,266,,040944,44,9295,43,,92,707,41,3,97
91WN02207, 91442202,91,44,T2202,2,41,02,414,2,2,5,5,7.0,7,5,1,101,117,5,108,70,506, 7, 0, 0, 0, 49,042,,,2,1,1,0,174,1036,93,,281,,040944,44,6346,43,,72,582,41,2,82
91WN02208, 91442203,91,44,T2203,1,41,02,414,2,2,5,5,7.0,7,5,1,101,117,13,117,75,541,10, 0, 0, 0, 54,,,,2,1,1,0,174,1036,93,,266,,040944,44,6346,43,,77,585,41,3,76
91WN02209, 91442206,91,44,T2206,2,42,02,842,2,1,3,2,4.0,4,4,1,101,117,32,99,70,514, 9, 0, 0, 0, 53,t03,,,2,1,1,0,172,766,,,,,043844,44,9272,43,,72,557,42,C,84
91WN02210, 91442207,91,44,T2207,3,42,02,862,1,1,1,1,2.0,2,2,1,101,117,20,112,62,434,12, 0, 0, 0, 45,,,,2,1,1,0,149,923,93,,321,,046744,44,0325,44,,63,434,42,*,72
91WN02211, 91442208,91,44,T2208,1,42,02,812,2,2,5,5,7.0,7,5,1,101,117,1,112,66,468,10, 0, 0, 0, 47,,,,1,1,2,0,174,741,93,,266,,033644,44,6318,43,,67,495,42,3,75
91WN02212, 91442209,91,44,T2209,2,42,02,812,2,2,5,5,7.0,7,5,1,101,117,18,120,61,419, 6, 0, 0, 0, 44,t03,,,2,1,1,0,174,741,,,,,033644,44,6318,43,,62,513,42,C,75
91WN02213, 91442210,91,44,T2210,1,42,02,882,1,1,1,1,4.0,4,4,1,101,117,13,114,79,578, 8, 0, 0, 0, 55,,,,2,1,7,0,134,805,93,,266,,955643,43,9346,43,,81,473,42,3,85
91WN02214, 91442212,91,44,T2212,2,41,02,413,2,1,3,2,6.0,6,4,1,101,117,33,111,79,580, 7, 0, 0,+, 60,t02,,,2,1,1,0,174,1062,,,,,073944,44,7024,43,,81,624,41,P,92
91WN02215, 91442213,91,44,T2213,1,41,02,413,1,1,1,1,7.0,7,5,1,101,117,11,131,92,674, 7, 0, 0, 0, 66,,,,2,1,2,0,174,1088,,,,,073944,44,6521,43,,94,579,41,P,101
91WN02216, 91442214,91,44,T2214,1,41,02,413,2,1,3,2,4.0,4,4,1,101,117,21,127,79,567, 6, 0, 0, 0, 78,,,,1,1,2,0,184,1006,,,,,073944,44,8766,43,,81,521,41,P,81
91WN02217, 91442216,91,44,T2216,3,41,02,412,2,1,3,2,2.0,2,2,1,101,117,18,103,83,621, 7, 0, 0, 0, 64,,,,4,1,1,0,183,1011,93,,321,,072644,44,0433,44,,85,619,41,*,97
91WN02218, 91442218,91,44,T2218,2,41,02,411,2,2,5,5,3.0,3,3,1,102,116,1,99,75,561, 9, 0, 0, 0, 52,t01,,,1,1,1,0,158,1056,,21,,,036644,44,9582,43,,77,622,41,P,87
91WN02219, 91442219,91,44,T2219,1,41,02,411,2,2,5,5,3.0,3,3,1,102,116,24,103,68,497, 8, 0, 0, 0, 48,,,,1,1,2,0,158,1056,93,,266,,036644,44,9582,43,,70,546,41,3,72
91WN02220, 91442220,91,44,T2220,1,41,02,413,2,2,5,3,2.0,2,2,1,102,71,0,117,50,539, 0, 0, 0, 0, 50,,,,,1,,0,183,1097,97,,227,,073944,44,0367,44,,76,,41,7,0
91WN02221, 91442221,91,44,T2221,2,41,02,413,2,2,5,7,2.0,2,2,1,102,116,33,85,58,427, 6, 0, 0, 0, 39,049,,,2,1,1,0,183,1097,92,,262,,073944,44,0367,44,,60,592,41,2,65
91WN02222, 91442222,91,44,T2222,1,42,02,882,1,1,1,1,2.0,2,2,1,102,116,23,112,67,481,10, 0, 0, 0, 48,,,,1,1,2,0,166,782,93,,266,,955643,43,0404,44,,69,419,42,3,73
91WN02223, 91442223,91,44,T2223,2,41,02,414,2,2,5,5,3.0,3,3,1,102,116,22,106,66,478, 6, 0, 0, 0, 48,043,,,2,1,1,0,144,990,93,,281,,040944,44,9687,43,,68,568,41,2,80
91WN02224, 91442224,91,44,T2224,1,41,02,414,2,2,5,5,3.0,3,3,1,102,116,26,119,83,613, 7, 0, 0, 0, 61,,,,2,1,1,0,144,990,93,,266,,040944,44,9687,43,,85,664,41,3,93
91WN02225, 91442225,91,44,T2225,1,42,02,832,1,1,1,1,3.0,3,3,1,102,116,34,99,77,578, 8, 0, 0, 0, 58,,,,2,1,1,0,130,760,,95,,,039544,44,9553,43,,79,504,42,C,89
91WN02226, 91442226,91,44,T2226,1,42,02,852,1,1,1,1,7.0,7,5,1,102,116,1,114,74,540,13, 0, 0, 0, 58,,,,2,1,1,0,129,857,93,95,321,,040344,44,6671,43,,76,432,42,H,80
91WN02227, 91442227,91,44,T2227,2,41,02,411,2,2,5,7,2.0,2,2,1,102,116,25,78,48,347, 8, 0, 0, 0, 32,,,,1,1,1,0,166,1134,93,,281,,036644,44,0363,44,,49,501,41,3,62
91WN02228, 91442228,91,44,T2228,1,41,02,411,2,2,5,3,2.0,2,2,1,102,116,18,113,80,592, 8, 0, 0, 0, 56,,,,1,1,2,0,166,1134,93,,321,,036644,44,0363,44,,82,667,41,H,90
91WN02229, 91442229,91,44,T2229,2,41,02,414,2,2,5,5,5.0,5,4,1,103,70,0,104,52,594, 0, 0, 0, 0, 52,,,,,1,,0,168,849,97,,227,,040944,44,7801,43,,82,,41,7,0
91WN02230, 91442230,91,44,T2230,2,41,02,414,2,2,5,5,5.0,5,4,1,103,70,0,99,44,487, 0, 0, 0, 0, 44,,,,,1,,0,168,849,97,95,227,,040944,44,7801,43,,68,,41,7,0
91WN02231, 91442231,91,44,T2231,1,41,02,414,2,2,5,5,6.0,6,4,1,103,115,7,102,81,616, 6, 0, 0, 0, 59,,,,1,1,2,0,174,1099,,95,,,040944,44,7123,43,,84,641,41,P,83
91WN02232, 91442232,91,44,T2232,2,41,02,414,2,2,5,5,6.0,6,4,1,103,115,13,100,75,565, 8, 0, 0, 0, 51,t03,,,2,1,1,0,174,1099,,,,,040944,44,7123,43,,78,642,41,P,90
91WN02233, 91442233,91,44,T2233,1,41,02,411,2,2,5,5,3.0,3,3,1,103,115,18,101,63,460, 8, 0, 0, 0, 48,,,,1,1,2,0,144,924,93,,321,,036644,44,9691,43,,65,502,41,H,73
91WN02234, 91442234,91,44,T2234,1,41,02,411,2,2,5,5,3.0,3,3,1,103,115,11,97,68,507, 6, 0, 0, 0, 47,,,,1,1,1,0,144,924,93,,321,,036644,44,9691,43,,71,539,41,H,76
91WN02235, 91442235,91,44,T2235,3,41,02,414,1,1,1,1,2.0,2,2,1,103,115,8,153,106,789,12, 0, 0, 0, 79,,,,1,1,1,0,149,1067,93,21,281,,040944,44,0525,44,,110,775,41,3,119
91WN02236, 91442237,91,44,T2237,2,41,02,413,1,1,1,1,2.0,2,2,1,103,115,17,108,65,471, 8, 0, 0, 0, 45,044,,,2,1,1,0,149,891,93,,281,,073944,44,0347,44,,67,471,41,2,79
91WN02237, 91442238,91,44,T2238,1,42,02,842,2,1,3,2,5.0,5,4,1,103,115,10,118,74,541, 9, 0, 0, 0, 52,,,,2,1,2,0,146,837,,,,,043844,44,8037,43,,77,483,42,C,77
91WN02238, 91442240,91,44,T2240,1,41,02,413,1,1,1,1,2.0,2,2,1,103,115,35,120,88,661, 8, 0, 0, 0, 64,,,,2,1,2,0,149,951,93,,266,,073944,44,0621,44,,91,616,41,3,102
91WN02239, 91442241,91,44,T2241,2,41,02,412,2,1,3,2,5.0,5,4,1,103,115,24,102,88,677, 5, 0, 0, 0, 63,t02,,,2,1,1,0,168,1231,,,,,072644,44,7979,43,,91,711,41,P,101
91WN02240, 91442242,91,44,T2242,3,41,02,412,2,2,5,5,5.0,5,4,1,103,115,35,109,66,479,10, 0, 0, 0, 46,,,,1,1,1,0,168,1231,99,,,,072644,44,7979,43,,68,553,41,E,81
91WN02241, 91442243,91,44,T2243,2,42,02,822,2,1,3,2,2.0,2,2,1,103,115,10,72,47,346, 8, 0, 0, 0, 36,,,,2,1,1,0,166,886,93,,281,,034344,44,0345,44,,49,390,42,3,57
91WN02242, 91442245,91,44,T2245,2,42,02,882,2,1,3,2,3.0,3,3,1,104,114,23,82,68,525, 6, 0, 0, 0, 49,t02,,,2,1,1,0,158,783,,,,,955643,43,0131,44,,71,561,42,C,77
91WN02243, 91442247,91,44,T2247,1,41,02,413,1,1,1,1,3.0,3,3,1,104,114,2,118,92,704, 9, 0, 0, 0, 68,,,,1,1,2,0,130,789,93,,266,,073944,44,0085,44,,96,589,41,3,101
91WN02244, 91442248,91,44,T2248,1,42,02,862,2,2,5,4,6.0,6,4,1,104,114,32,103,56,401,13, 0, 0, 0, 42,,,,2,1,2,0,144,909,93,,266,,046744,44,7539,43,,58,468,42,3,67
91WN02245, 91442249,91,44,T2249,1,42,02,862,2,2,5,6,6.0,6,4,1,104,114,24,86,46,328,11, 0, 0, 0, 31,,,,1,1,1,0,144,909,93,,266,,046744,44,7539,43,,48,432,42,3,52
91WN02246, 91442250,91,44,T2250,2,41,02,412,2,1,3,2,7.0,7,5,1,104,114,20,112,85,647, 6, 0, 0, 0, 62,t03,,,2,1,1,0,156,1005,,,,,072644,44,6801,43,,89,690,41,P,100
91WN02247, 91442252,91,44,T2252,2,41,02,412,2,1,3,2,2.0,2,2,1,104,114,12,85,73,566, 6, 0, 0, 0, 54,040,,,2,1,1,0,166,974,93,,281,,072644,44,0300,44,,76,614,41,2,85
91WN02248, 91442254,91,44,T2254,1,41,02,413,2,2,5,5,6.0,6,4,2,104,115,29,78,59,445, 6, 0, 0, 0, 40,,,,1,1,1,0,164,1129,93,91,266,,073944,44,7189,43,,61,476,41,3,63
91WN02249, 91442255,91,44,T2255,1,41,02,414,2,2,5,5,2.0,2,2,1,104,114,27,101,75,569, 7, 0, 0, 0, 51,,,,2,1,2,0,183,1247,,,,,040944,44,0584,44,,78,651,41,P,82
91WN02250, 91442256,91,44,T2256,2,41,02,414,2,2,5,5,2.0,2,2,1,104,114,25,88,61,458, 8, 0, 0, 0, 43,,,,2,1,1,0,183,1247,93,16,281,,040944,44,0584,44,,64,581,41,3,77
91WN02251, 91442257,91,44,T2257,1,42,02,832,2,2,5,4,6.0,6,4,1,105,113,17,141,69,486, 6, 0, 0, 0, 51,,,,2,1,1,0,154,1051,93,,321,,039544,44,7305,43,,72,534,42,H,73
91WN02252, 91442258,91,44,T2258,2,42,02,832,2,2,5,6,6.0,6,4,1,105,113,18,118,66,480, 7, 0, 0, 0, 48,t01,,,1,1,1,0,154,1051,,95,,,039544,44,7305,43,,69,600,42,C,76
91WN02253, 91442259,91,44,T2259,2,42,02,822,2,1,3,2,3.0,3,3,1,105,113,15,103,79,608, 8, 0, 0, 0, 59,t03,,,2,1,1,0,158,807,,,,,034344,44,9904,43,,83,634,42,C,89
91WN02254, 91442261,91,44,T2261,2,41,02,413,1,1,1,1,2.0,2,2,2,105,114,1,106,89,688, 5, 0, 0,+, 64,t01,,,2,1,1,0,166,986,,,,,073944,44,0560,44,,93,644,41,P,97
91WN02255, 91442262,91,44,T2262,1,42,02,852,2,1,3,2,6.0,6,4,1,105,113,28,110,86,664, 7, 0, 0, 0, 62,,,,2,1,2,0,124,750,,,,,040344,44,7545,43,,91,632,42,C,87
91WN02256, 91442264,91,44,T2264,2,41,02,411,2,2,5,5,3.0,3,3,2,105,114,8,108,70,519, 8, 0, 0, 0, 52,,,,2,1,1,0,158,1012,93,21,281,,036644,44,9977,43,,73,568,41,3,79
91WN02257, 91442265,91,44,T2265,2,41,02,411,2,2,5,5,3.0,3,3,2,105,114,4,105,70,522, 8, 0, 0, 0, 50,040,,,2,1,1,0,158,1012,93,,281,,036644,44,9977,43,,73,566,41,2,85
91WN02258, 91442267,91,44,T2267,2,41,02,413,2,2,5,6,3.0,3,3,2,105,114,5,112,76,568, 6, 0, 0,+, 53,t03,,,2,1,1,0,173,1323,,,,,073944,44,9822,43,,79,647,41,P,89
91WN02259, 91442268,91,44,T2268,1,41,02,413,2,2,5,4,3.0,3,3,2,105,114,5,133,90,673, 5, 0, 0, 0, 61,,,,2,1,1,0,173,1323,,,,,073944,44,9822,43,,94,682,41,P,91
91WN02260, 91442269,91,44,T2269,1,41,02,412,2,2,5,6,3.0,3,3,2,105,114,3,83,68,524, 7, 0, 0, 0, 44,,,,1,1,2,0,158,1063,93,,321,,072644,44,9562,43,,71,577,41,H,78
91WN02261, 91442270,91,44,T2270,1,41,02,412,2,2,5,4,3.0,3,3,2,105,114,15,98,75,572, 8, 0, 0, 0, 52,,,,2,1,1,0,158,1063,,,,,072644,44,9562,43,,78,595,41,P,84
91WN02262, 91442271,91,44,T2271,1,41,02,411,1,1,1,1,2.0,2,2,2,106,113,15,130,53,354,10, 0, 0, 0, 43,,,,1,1,1,0,166,993,93,,266,,036644,44,0479,44,,55,261,41,3,57
91WN02263, 91442272,91,44,T2272,1,42,02,872,2,1,3,2,6.0,6,4,2,106,113,8,122,72,529,10, 0, 0, 0, 53,,,,1,1,2,0,164,1008,93,,321,,057744,44,7551,43,,76,446,42,H,75
91WN02264, 91442274,91,44,T2274,1,42,02,872,2,2,5,4,2.0,2,2,2,106,113,11,104,49,342,10, 0, 0, 0, 34,,,,1,1,1,0,166,1046,93,,266,,057744,44,0375,44,,51,387,42,3,54
91WN02265, 91442275,91,44,T2275,1,42,02,872,2,2,5,6,2.0,2,2,2,106,113,1,80,55,416,11, 0, 0, 0, 39,,,,1,1,5,0,166,1046,93,,266,,057744,44,0375,44,,58,494,42,3,59
91WN02266, 91442276,91,44,T2276,3,42,02,822,2,2,5,5,4.0,4,4,2,106,113,19,86,39,269,10, 0, 0, 0, 28,,,,1,1,1,0,159,989,95,,281,,034344,44,9120,43,,41,289,42,3,43
91WN02267, 91442277,91,44,T2277,1,42,02,822,2,2,5,5,4.0,4,4,2,106,67,0,99,40,449, 0, 0, 0, 0, 40,,,,,1,,0,159,989,97,,227,,034344,44,9120,43,,64,,42,7,0
91WN02268, 91442278,91,44,T2278,2,41,02,414,2,1,3,2,3.0,3,3,2,106,113,25,118,76,568, 8, 0, 0, 0, 58,040,,,1,1,1,0,144,796,93,,281,,040944,44,0035,44,,80,584,41,2,86
91WN02269, 91442280,91,44,T2280,1,42,02,832,2,2,5,5,5.0,5,4,2,106,113,1,100,76,584, 7, 0, 0, 0, 54,,,,2,1,1,0,157,1037,,95,,,039544,44,7809,43,,80,580,42,C,81
91WN02270, 91442281,91,44,T2281,1,42,02,832,2,2,5,5,5.0,5,4,2,106,113,3,115,62,447, 9, 0, 0, 0, 42,,,,2,1,1,0,157,1037,93,95,266,,039544,44,7809,43,,65,446,42,3,67
91WN02271, 91442282,91,44,T2282,2,41,02,413,2,1,3,2,2.0,2,2,2,106,113,20,66,70,561, 5, 0, 0, 0, 51,042,,,2,1,1,0,166,803,93,95,281,,073944,44,0379,44,,74,597,41,2,82
91WN02272, 91442284,91,44,T2284,2,42,02,842,2,1,3,2,2.0,2,2,2,106,113,18,93,76,590, 7, 0, 0, 0, 58,t02,,,2,1,1,0,183,1048,,,,,043844,44,0811,44,,80,623,42,C,85
91WN02273, 91442285,91,44,T2285,1,42,02,842,2,1,3,2,2.0,2,2,2,106,113,16,84,74,581, 8, 0, 0, 0, 48,,,,2,1,2,0,183,1048,,,,,043844,44,0811,44,,78,538,42,C,80
91WN02274, 91442286,91,44,T2286,1,41,02,414,2,2,5,5,3.0,3,3,2,107,112,1,151,91,678, 6, 0, 0, 0, 63,,,,4,1,2,0,187,1253,,,,,040944,44,9925,43,,96,677,41,P,96
91WN02275, 91442287,91,44,T2287,1,41,02,414,2,2,5,5,3.0,3,3,2,107,112,17,130,70,509, 8, 0, 0, 0, 51,,,,2,1,1,0,187,1253,93,95,321,,040944,44,9925,43,,74,529,41,H,82
91WN02276, 91442288,91,44,T2288,2,41,02,411,2,2,5,5,3.0,3,3,2,107,112,10,123,81,613, 9, 0, 0, 0, 56,t03,,,2,1,1,0,187,1417,,95,,,036644,44,9408,43,,86,667,41,P,92
91WN02277, 91442289,91,44,T2289,2,41,02,411,2,2,5,5,3.0,3,3,2,107,112,2,123,77,578, 9, 0, 0, 0, 51,t02,,,2,1,1,0,187,1417,,16,,,036644,44,9408,43,,82,622,41,P,82
91WN02278, 91442290,91,44,T2290,2,42,02,872,2,2,5,5,3.0,3,3,2,107,112,10,100,68,518, 8, 0, 0, 0, 47,t01,,,1,1,1,0,173,1082,,,,,057744,44,0072,44,,72,572,42,C,75
91WN02279, 91442291,91,44,T2291,2,42,02,872,2,2,5,5,3.0,3,3,2,107,112,1,92,64,489, 9, 0, 0, 0, 44,t03,,,2,1,1,0,173,1082,,,,,057744,44,0072,44,,68,531,42,C,68
91WN02280, 91442292,91,44,T2292,2,41,02,412,2,2,5,5,3.0,3,3,2,107,112,1,88,69,538, 7, 0, 0, 0, 50,040,,,1,1,1,0,158,905,93,,281,,072644,44,9697,43,,73,580,41,2,85
91WN02281, 91442293,91,44,T2293,2,41,02,412,2,2,5,5,3.0,3,3,2,107,112,17,99,65,492, 5, 0, 0, 0, 48,046,,,2,1,1,0,158,905,93,,281,,072644,44,9697,43,,69,556,41,2,76
91WN02282, 91442294,91,44,T2294,3,41,02,411,2,2,5,5,6.0,6,4,2,107,112,15,120,73,545, 9, 0, 0, 0, 57,,,,1,1,1,0,174,1029,99,21,,,036644,44,7587,43,,77,572,41,E,85
91WN02283, 91442295,91,44,T2295,2,41,02,411,2,2,5,5,6.0,6,4,2,107,112,1,108,65,484, 8, 0, 0, 0, 45,048,,,2,1,1,0,174,1029,92,,262,,036644,44,7587,43,,69,525,41,2,69
91WN02284, 91442296,91,44,T2296,2,41,02,412,1,1,1,1,2.0,2,2,2,107,112,19,126,89,682, 5, 0, 0, 0, 72,t03,,,1,1,1,0,149,1016,,95,,,072644,44,0741,44,,94,665,41,P,103
91WN02285, 91442297,91,44,T2297,1,41,02,411,2,2,5,5,6.0,6,4,2,107,112,18,102,82,641, 6, 0, 0, 0, 53,,,,1,1,2,0,164,1207,,,,,036644,44,7124,43,,87,661,41,P,94
91WN02286, 91442298,91,44,T2298,2,41,02,411,2,2,5,5,6.0,6,4,2,107,112,22,106,61,450, 9, 0, 0, 0, 46,047,,,1,1,1,0,164,1207,93,,281,,036644,44,7124,43,,65,519,41,2,74
91WN02287, 91442299,91,44,T2299,1,41,02,413,2,2,5,5,3.0,3,3,2,107,112,26,115,70,522, 5, 0, 0, 0, 48,,,,2,1,2,0,173,1178,93,,266,,073944,44,9433,43,,74,554,41,H,79
91WN02288, 91442300,91,44,T2300,3,41,02,413,2,2,5,5,3.0,3,3,2,107,112,10,109,76,581, 4, 0, 0, 0, 49,,,,2,1,1,0,173,1178,99,21,,,073944,44,9433,43,,81,603,41,E,88
91WN02289, 91442302,91,44,T2302,1,41,02,414,2,1,3,2,5.0,5,4,2,107,112,12,119,86,662,10, 0, 0, 0, 54,,,,2,1,1,0,179,1000,97,,310,,040944,44,8063,43,,91,586,41,P,90
91WN02290, 91442304,91,44,T2304,2,42,02,882,1,1,1,1,4.0,4,4,2,107,112,20,76,71,566, 8, 0, 0, 0, 57,t02,,,2,1,1,0,147,1011,,,,,955643,43,8923,43,,76,521,42,C,83
91WN02291, 91442305,91,44,T2305,2,42,02,822,1,1,1,1,2.0,2,2,2,107,112,10,118,73,546, 8, 0, 0, 0, 54,t03,,,2,1,1,0,149,808,,,,,034344,44,0579,44,,77,516,42,C,80
91WN02292, 91442306,91,44,T2306,1,41,02,412,1,1,1,1,6.0,6,4,2,107,112,1,125,98,763, 9, 0, 0, 0, 71,,,,1,1,1,0,164,995,,,,,072644,44,6978,43,,104,624,41,1,109
91WN02293, 91442307,91,44,T2307,2,41,02,413,2,2,5,5,3.0,3,3,2,107,112,4,105,74,567, 8, 0, 0, 0, 53,042,,,2,1,1,0,158,1071,93,95,281,,073944,44,9656,43,,79,613,41,2,82
91WN02294, 91442308,91,44,T2308,2,41,02,413,2,2,5,5,3.0,3,3,2,107,112,2,96,81,638, 8, 0, 0,+, 55,t01,,,2,1,1,0,158,1071,,,,,073944,44,9656,43,,86,682,41,P,92
91WN02295, 91442309,91,44,T2309,1,42,02,872,1,1,1,1,4.0,4,4,2,108,111,25,114,80,618, 8, 0, 0, 0, 62,,,,2,1,2,0,147,821,,,,,057744,44,9323,43,,86,512,42,C,91
91WN02296, 91442310,91,44,T2310,1,41,02,413,2,2,5,5,6.0,6,4,2,108,111,18,126,67,490, 9, 0, 0, 0, 47,,,,2,1,3,0,164,1068,93,,266,,073944,44,7556,43,,71,511,41,H,76
91WN02297, 91442311,91,44,T2311,2,41,02,413,2,2,5,5,6.0,6,4,2,108,111,21,111,47,323, 9, 0, 0, 0, 32,,,,1,1,1,0,164,1068,93,95,281,,073944,44,7556,43,,50,392,41,3,56
91WN02298, 91442312,91,44,T2312,2,41,02,412,2,2,5,5,3.0,3,3,2,108,111,26,102,70,539, 8, 0, 0, 0, 46,042,,,1,1,1,0,158,1050,93,,281,,072644,44,9776,43,,75,616,41,2,81
91WN02299, 91442313,91,44,T2313,1,41,02,412,2,2,5,5,3.0,3,3,2,108,111,1,114,72,546, 6, 0, 0, 0, 48,,,,1,1,2,0,158,1050,93,,266,,072644,44,9776,43,,77,546,41,3,79
91WN02300, 91442314,91,44,T2314,2,41,02,414,1,1,1,1,2.0,2,2,2,108,111,10,108,74,569, 9, 0, 0, 0, 55,041,,,1,1,1,0,166,1020,93,,281,,040944,44,0312,44,,79,541,41,2,83
91WN02301, 91442315,91,44,T2315,2,42,02,842,2,2,5,5,3.0,3,3,2,108,111,3,76,64,508, 7, 0, 0, 0, 41,046,,,2,1,1,0,158,1054,93,,281,,043844,44,9724,43,,69,554,42,2,75
91WN02302, 91442316,91,44,T2316,2,42,02,842,2,2,5,5,3.0,3,3,2,108,111,18,88,57,434, 8, 0, 0, 0, 39,t02,,,2,1,1,0,158,1054,,,,,043844,44,9724,43,,61,500,42,C,69
91WN02303, 91442318,91,44,T2318,1,42,02,812,2,1,3,2,3.0,3,3,2,108,111,22,82,77,620, 8, 0, 0, 0, 56,,,,2,1,1,0,158,745,,,,,033644,44,9869,43,,83,560,42,C,81
91WN02304, 91442319,91,44,T2319,1,42,02,812,1,1,1,1,2.0,2,2,2,108,111,5,117,77,588, 6, 0, 0, 0, 54,,,,2,1,2,0,149,801,93,,321,,033644,44,0437,44,,82,484,42,H,81
91WN02305, 91442320,91,44,T2320,1,41,02,414,2,1,3,2,2.0,2,2,2,108,111,1,99,66,505, 8, 0, 0, 0, 39,,,,2,1,2,0,183,912,93,,266,,040944,44,0303,44,,71,444,41,3,74
91WN02306, 91442323,91,44,T2323,2,42,02,872,1,1,1,1,2.0,2,2,2,108,111,2,134,80,600, 8, 0, 0, 0, 58,t02,,,2,1,1,0,133,822,,,,,057744,44,0531,44,,85,561,42,C,87
91WN02307, 91442324,91,44,T2324,1,41,02,411,1,1,1,1,5.0,5,4,2,108,111,29,117,72,543, 6, 0, 0, 0, 49,,,,2,1,1,0,157,957,93,,321,,036644,44,7775,43,,77,443,41,H,82
91WN02308, 91442325,91,44,T2325,2,42,02,862,2,2,5,5,3.0,3,3,2,109,110,26,94,56,424, 9, 0, 0, 0, 42,t03,,,1,1,1,0,173,1131,,,,,046744,44,0018,44,,60,502,42,C,69
91WN02309, 91442326,91,44,T2326,2,42,02,862,2,2,5,5,3.0,3,3,2,109,110,7,105,58,432, 7, 0, 0, 0, 42,,,,1,4,1,0,173,1131,93,02,281,,046744,44,0018,44,,62,485,42,3,69
91WN02310, 91442328,91,44,T2328,2,48,02,T-2,2,1,3,2,5.0,5,4,2,109,110,15,101,74,581, 9, 0, 0, 0, 52,t02,,,1,1,1,0,168,901,,95,,,806800,00,8175,43,,80,585,48,1,86
91WN02311, 91442329,91,44,T2329,3,41,02,414,2,2,5,4,2.0,2,2,2,109,110,15,108,79,620, 6, 0, 0, 0, 54,,,,2,2,1,0,166,1145,99,06,,,040944,44,0874,44,,85,687,41,E,90
91WN02312, 91442330,91,44,T2330,2,41,02,414,2,2,5,6,2.0,2,2,2,109,110,16,88,58,447, 8, 0, 0, 0, 37,048,,,2,1,1,0,166,1145,92,,262,,040944,44,0874,44,,62,572,41,2,68
91WN02313, 91442332,91,44,T2332,1,41,02,411,2,1,3,2,3.0,3,3,2,109,110,26,106,94,758, 8, 0, 0, 0, 70,,,,2,1,2,0,158,1001,,,,,036644,44,9826,43,,102,705,41,1,104
91WN02314, 91442333,91,44,T2333,1,41,02,414,1,1,1,1,2.0,2,2,2,109,110,16,146,89,676, 9, 0, 0, 0, 64,,,,2,1,1,0,166,1013,93,39,266,,040944,44,0475,44,,96,588,41,3,98
91WN02315, 91442334,91,44,T2334,1,42,02,872,1,1,1,1,5.0,5,4,2,109,110,15,108,74,575, 9, 0, 0, 0, 53,,,,2,1,2,0,157,914,93,,350,,057744,44,8283,43,,80,457,42,H,81
91WN02316, 91442335,91,44,T2335,2,42,02,862,1,1,1,1,2.0,2,2,2,110,109,29,112,59,439, 9, 0, 0, 0, 46,t03,,,1,1,1,0,149,935,,,,,046744,44,0360,44,,64,438,42,C,64
91WN02317, 91442336,91,44,T2336,2,41,02,412,1,1,1,1,2.0,2,2,2,110,109,25,134,92,721, 6, 0, 0, 0, 68,t01,,,2,1,1,0,166,937,,21,,,072644,44,0373,44,,100,715,41,P,103
91WN02318, 91442337,91,44,T2337,2,42,02,872,2,2,5,5,2.0,2,2,2,110,109,6,74,55,437, 6, 0, 0, 0, 37,t01,,,1,1,1,0,166,1080,,95,,,057744,44,0331,44,,60,516,42,C,61
91WN02319, 91442338,91,44,T2338,2,42,02,872,2,2,5,5,2.0,2,2,2,110,109,1,80,60,477, 8, 0, 0, 0, 39,t02,,,1,1,1,0,166,1080,,,,,057744,44,0331,44,,65,549,42,C,71
91WN02320, 91442339,91,44,T2339,2,41,02,414,2,1,3,2,4.0,4,4,2,110,109,13,90,79,642, 7, 0, 0, 0, 59,t03,,,1,1,1,0,172,1262,,,,,040944,44,8919,43,,86,645,41,P,88
91WN02321, 91442340,91,44,T2340,2,41,02,414,2,2,5,5,4.0,4,4,2,110,109,1,125,80,619, 8, 0, 0, 0, 55,t01,,,1,1,1,0,172,1262,,95,,,040944,44,8919,43,,87,663,41,P,90
91WN02322, 91442341,91,44,T2341,2,42,02,812,2,1,3,2,6.0,6,4,2,110,109,1,101,79,632, 7, 0, 0, 0, 57,t01,,,1,1,1,0,154,950,,,,,033644,44,7165,43,,86,619,42,C,89
91WN02323, 91442343,91,44,T2343,2,41,02,412,2,1,3,2,7.0,7,5,2,110,109,19,101,57,430, 9, 0, 0, 0, 36,049,,,2,1,1,0,174,957,92,,262,,072644,44,6425,43,,62,453,41,2,65
91WN02324, 91442345,91,44,T2345,3,41,02,414,2,1,3,2,7.0,7,5,2,110,109,8,129,84,652,10, 0, 0, 0, 61,,,,2,1,1,0,183,1050,93,21,321,,040944,44,6655,43,,91,606,41,*,91
91WN02325, 91442348,91,44,T2348,1,42,02,882,3,2,8,4,6.0,6,4,2,110,109,25,102,74,585, 6, 0, 0, 0, 53,,,,2,1,1,0,144,896,,,,,955643,43,7610,43,,80,625,42,C,86
91WN02326, 91442349,91,44,T2349,2,42,02,882,3,2,8,6,6.0,6,4,2,110,109,28,83,48,364,10, 0, 0, 0, 32,,,,2,1,1,0,144,896,93,95,281,,955643,43,7610,43,,52,478,42,3,60
91WN02327, 91442350,91,44,T2350,1,41,02,413,1,1,1,1,2.0,2,2,2,110,109,4,121,103,834, 8, 0, 0, 0, 73,,,,2,1,2,0,149,863,,,,,073944,44,0465,44,,112,731,41,1,109
91WN02328, 91442351,91,44,T2351,2,41,02,412,1,1,1,1,3.0,3,3,2,110,109,17,131,88,687, 6, 0, 0, 0, 67,039,,,2,1,1,0,130,836,93,21,281,,072644,44,9655,43,,96,644,41,2,98
91WN02329, 91442352,91,44,T2352,1,41,02,411,1,1,1,1,2.0,2,2,2,110,109,23,148,88,672, 9, 0, 0, 0, 65,,,,2,1,2,0,149,997,93,18,266,,036644,44,0377,44,,95,594,41,3,94
91WN02330, 91442353,91,44,T2353,2,41,02,412,1,1,1,1,2.0,2,2,2,110,109,27,115,90,720, 6, 0, 0, 0, 65,t01,,,1,1,1,0,149,1043,,,,,072644,44,0364,44,,98,717,41,P,105
91WN02331, 91442354,91,44,T2354,1,41,02,414,1,1,1,1,2.0,2,2,2,110,109,16,124,95,758, 8, 0, 0, 0, 70,,,,1,1,2,0,133,849,,,,,040944,44,0545,44,,103,671,41,1,106
91WN02332, 91442355,91,44,T2355,1,41,02,412,2,1,3,2,2.0,2,2,2,111,108,21,140,83,639, 6, 0, 0, 0, 57,,,,2,1,2,0,183,1097,,18,,,072644,44,0543,44,,91,608,41,P,93
91WN02333, 91442356,91,44,T2356,2,41,02,411,1,1,1,1,2.0,2,2,2,111,108,21,115,86,690, 9, 0, 0, 0, 59,039,,,1,1,1,0,149,849,93,95,281,,036644,44,0740,44,,94,680,41,2,92
91WN02334, 91442357,91,44,T2357,2,41,02,411,3,2,8,4,4.0,4,4,2,111,108,29,118,54,391,10, 0, 0, 0, 38,OUT,,,1,1,1,0,172,1038,93,21,281,,036644,44,8590,43,,59,487,41,3,64
91WN02335, 91442358,91,44,T2358,1,41,02,411,3,2,8,6,4.0,4,4,2,111,62,0,100,64,871, 0, 0, 0, 0, 64,,,,,1,,0,172,1038,97,,227,,036644,44,8590,43,,115,,41,7,0
91WN02336, 91442361,91,44,T2361,2,42,02,862,2,1,3,2,6.0,6,4,2,111,108,1,70,60,491, 9, 0, 0, 0, 39,t01,,,2,1,1,0,164,950,,,,,046744,44,7142,43,,66,479,42,C,65
91WN02337, 91442362,91,44,T2362,2,41,02,413,1,1,1,1,5.0,5,4,2,111,108,13,129,98,788, 7, 0, 0, 0, 73,,,,2,2,1,0,146,1010,93,62,281,,073944,44,7788,43,,107,739,41,3,111
91WN02338, 91442364,91,44,T2364,2,42,02,882,2,1,3,2,3.0,3,3,2,112,107,7,103,63,493, 6, 0, 0, 0, 41,t02,,,2,1,1,0,158,894,,,,,955643,43,9860,43,,69,492,42,C,75
91WN02339, 91442365,91,44,T2365,1,42,02,882,1,1,1,1,2.0,2,2,2,112,107,26,133,80,623, 8, 0, 0, 0, 57,,,,1,1,3,0,166,891,,,,,955643,43,0578,44,,88,552,42,C,88
91WN02340, 91442366,91,44,T2366,2,42,02,842,1,1,1,1,2.0,2,2,2,112,107,22,134,80,622, 9, 0, 0, 0, 61,t03,,,1,1,1,0,149,1020,,,,,043844,44,0355,44,,88,614,42,C,85
91WN02341, 91442367,91,44,T2367,2,42,02,822,1,1,1,1,3.0,3,3,2,112,107,8,111,71,560, 4, 0, 0, 0, 52,t03,,,1,1,1,0,158,1116,,16,,,034344,44,9455,43,,78,507,42,C,78
91WN02342, 91442368,91,44,T2368,3,41,02,414,2,2,5,5,3.0,3,3,2,112,107,2,116,50,359,10, 0, 0, 0, 34,,,,2,1,1,0,173,1223,93,78,281,,040944,44,0142,44,,55,376,41,3,59
91WN02343, 91442369,91,44,T2369,2,41,02,414,2,2,5,5,3.0,3,3,2,112,107,10,122,79,624, 7, 0, 0, 0, 52,t02,,,2,1,1,0,173,1223,,95,,,040944,44,0142,44,,87,684,41,P,90
91WN02344, 91442370,91,44,T2370,2,48,02,T-3,2,1,3,2,4.0,4,4,2,112,107,19,125,63,472, 8, 0, 0, 0, 44,047,,,1,1,1,0,184,1041,93,,281,,808300,00,9122,43,,69,485,48,2,73
91WN02345, 91442372,91,44,T2372,1,41,02,413,1,1,1,1,2.0,2,2,2,112,107,4,120,78,617, 6, 0, 0, 0, 55,,,,2,1,2,0,149,958,93,,321,,073944,44,0408,44,,86,516,41,H,80
91WN02346, 91442373,91,44,T2373,2,48,02,T-2,1,1,1,1,3.0,3,3,4,112,99,1,107,85,751, 0, 0, 0, 0,  0,t02,,,,1,,0,130,824,,95,,4,806800,00,0074,44,,101,653,48,1,91
91WN02347, 91442374,91,44,T2374,1,42,02,812,1,1,1,1,2.0,2,2,2,112,107,26,140,78,598, 5, 0, 0, 0, 57,,,,2,1,2,0,166,1080,,95,,,033644,44,0671,44,,86,527,42,C,91
91WN02348, 91442375,91,44,T2375,1,41,02,411,3,2,8,5,4.0,4,4,2,112,107,28,108,72,572,10, 0, 0, 0, 50,,,,1,1,3,0,197,1325,93,95,321,,036644,44,8980,43,,79,611,41,H,81
91WN02349, 91442376,91,44,T2376,1,41,02,411,3,2,8,5,4.0,4,4,2,112,107,22,104,69,548,10, 0, 0, 0, 49,,,,1,1,2,0,197,1325,93,,321,,036644,44,8980,43,,76,579,41,H,80
91WN02350, 91442377,91,44,T2377,1,41,02,411,3,1,7,2,4.0,4,4,4,112,100,1,100,82,720, 6, 0, 0, 0,  0,,,,1,1,2,0,197,1325,97,,310,,036644,44,8980,43,,96,598,41,P,85
91WN02351, 91442378,91,44,T2378,2,48,02,T-2,2,1,3,2,4.0,4,4,2,112,107,3,111,81,653,10, 0, 0, 0, 55,t01,,,2,1,1,0,147,921,,,,,806800,00,8725,43,,89,645,48,1,92
91WN02352, 91442380,91,44,T2380,1,41,02,413,1,1,1,1,3.0,3,3,2,112,107,15,150,99,785, 7, 0, 0, 0, 73,,,,2,1,2,0,144,866,12,,289,,073944,44,9933,43,,109,672,41,1,106
91WN02353, 91442381,91,44,T2381,1,41,02,413,1,1,1,1,2.0,2,2,2,113,106,23,113,77,620, 6, 0, 0, 0, 54,,,,2,1,2,0,166,907,93,95,321,,073944,44,0823,44,,86,546,41,H,87
91WN02354, 91442383,91,44,T2383,2,48,02,T-1,2,1,3,2,3.0,3,3,2,113,106,25,124,81,647, 9, 0, 0, 0, 54,t02,,,2,1,1,0,173,975,,,,4,000100,00,9622,43,,90,671,40,1,92
91WN02355, 91442384,91,44,T2384,2,48,02,T-1,1,1,1,1,2.0,2,2,2,113,106,1,134,81,638, 6, 0, 0, 0, 55,t02,,,2,1,1,0,183,1104,,,,,000100,00,0839,44,,90,603,48,1,89
91WN02356, 91442385,91,44,T2385,1,42,02,812,2,1,3,2,3.0,3,3,2,113,106,18,82,76,640, 8, 0, 0, 0, 51,,,,2,1,1,0,173,785,,,,,033644,44,0249,44,,85,581,42,C,84
91WN02357, 91442387,91,44,T2387,2,42,02,852,2,2,5,5,5.0,5,4,2,113,106,24,107,55,418,10, 0, 0, 0, 39,t02,,,3,1,1,0,135,891,,,,,040344,44,8098,43,,61,496,42,C,65
91WN02358, 91442388,91,44,T2388,2,42,02,852,2,2,5,5,5.0,5,4,2,113,106,26,109,63,492, 9, 0, 0, 0, 44,t02,,,2,1,1,0,135,891,,95,,,040344,44,8098,43,,70,573,42,C,73
91WN02359, 91442389,91,44,T2389,1,41,02,412,1,1,1,1,3.0,3,3,2,113,106,22,163,97,761, 8, 0, 0, 0, 66,,,,2,1,1,0,144,1031,,,,,072644,44,9413,43,,108,659,41,P,108
91WN02360, 91442390,91,44,T2390,2,41,02,411,2,2,5,5,3.0,3,3,2,113,106,10,101,58,452, 7, 0, 0, 0, 40,049,,,1,1,1,0,158,1056,92,,262,,036644,44,9783,43,,64,513,41,2,64
91WN02361, 91442391,91,44,T2391,2,41,02,411,2,2,5,5,3.0,3,3,2,113,106,15,102,79,649, 8, 0, 0, 0, 52,t03,,,2,1,1,0,158,1056,,,,,036644,44,9783,43,,88,717,41,P,91
91WN02362, 91442392,91,44,T2392,2,48,02,T-2,1,1,1,1,2.0,2,2,4,114,97,1,99,88,805, 0, 0, 0, 0,  0,,,,,1,,0,133,852,93,21,281,4,806800,00,0618,44,,107,736,40,3,93
91WN02363, 91442393,91,44,T2393,2,48,02,T-3,1,1,1,1,2.0,2,2,4,114,97,1,115,70,603, 0, 0, 0, 0,  0,045,,,,1,,0,149,1011,92,,262,4,808300,00,0480,44,,84,534,40,2,77
91WN02364, 91442394,91,44,T2394,3,48,02,T-2,2,2,5,5,4.0,4,4,2,114,105,21,130,89,724, 9, 0, 0, 0, 61,,,,2,1,1,0,147,967,93,,281,,806800,00,9365,43,,100,767,48,*,101
91WN02365, 91442395,91,44,T2395,2,48,02,T-2,2,2,5,5,4.0,4,4,2,114,105,8,126,73,575, 9, 0, 0, 0, 50,t01,,,2,1,1,0,147,967,,95,,,806800,00,9365,43,,82,633,48,1,83
91WN02366, 91442396,91,44,T2396,2,48,02,T-1,2,2,5,5,4.0,4,4,2,114,105,4,123,71,559, 7, 0, 0, 0, 49,042,,,2,1,1,0,159,1202,93,95,281,,000100,00,8789,43,,79,612,40,2,82
91WN02367, 91442397,91,44,T2397,3,48,02,T-1,2,2,5,5,4.0,4,4,2,114,105,23,124,79,634, 9, 0, 0, 0, 52,,,,1,1,1,0,159,1202,99,21,,,000100,00,8789,43,,89,679,40,E,96
91WN02368, 91442398,91,44,T2398,2,41,02,411,2,2,5,5,7.0,7,5,2,114,105,26,101,53,409, 8, 0, 0, 0, 31,049,,,1,1,1,0,165,1007,92,,262,,036644,44,6694,43,,59,504,41,2,66
91WN02369, 91442399,91,44,T2399,2,41,02,411,2,2,5,5,7.0,7,5,2,114,105,27,95,59,471, 6, 0, 0, 0, 43,047,,,2,1,1,0,165,1007,93,,281,,036644,44,6694,43,,66,567,41,2,71
91WN02370, 91442400,91,44,T2400,1,48,02,T-4,3,2,8,5,5.0,5,4,2,114,105,28,102,77,636,12, 0, 0, 0, 47,,,,2,1,1,0,168,1118,93,,266,,958143,43,8019,43,,87,677,40,3,81
91WN02371, 91442401,91,44,T2401,2,48,02,T-4,3,2,8,5,5.0,5,4,2,114,105,6,103,66,530, 6, 0, 0, 0, 46,043,,,1,1,1,0,168,1118,93,,281,,958143,43,8019,43,,74,585,40,2,81
91WN02372, 91442403,91,44,T2403,1,41,02,411,2,2,5,5,4.0,4,4,2,114,105,11,90,64,524, 9, 0, 0, 0, 40,,,,1,1,1,0,184,1114,93,,266,,036644,44,9031,43,,72,543,41,3,61
91WN02373, 91442404,91,44,T2404,2,41,02,411,2,2,5,5,4.0,4,4,2,114,105,15,87,62,508, 7, 0, 0, 0, 39,046,,,1,1,1,0,184,1114,93,,281,,036644,44,9031,43,,70,576,41,2,76
91WN02374, 91442405,91,44,T2405,2,48,02,T-5,1,1,1,1,2.0,2,2,4,114,97,1,138,78,662, 0, 0, 0, 0,  0,039,,,,1,,0,149,884,93,,281,4,960843,43,0412,44,,93,593,40,2,88
91WN02375, 91442406,91,44,T2406,1,48,02,T-4,2,2,5,5,3.0,3,3,2,115,104,16,130,74,587, 9, 0, 0, 0, 50,,,,2,1,2,0,144,963,93,,321,,958143,43,9938,43,,83,615,48,H,78
91WN02376, 91442407,91,44,T2407,2,48,02,T-4,2,2,5,5,3.0,3,3,2,115,104,5,124,76,612, 8, 0, 0, 0, 45,t01,,,1,1,1,0,144,963,,95,,,958143,43,9938,43,,86,669,48,1,89
91WN02377, 91442408,91,44,T2408,1,48,02,T-4,1,1,1,1,3.0,3,3,2,115,104,11,135,92,755, 9, 0, 0, 0, 57,,,,2,1,1,0,130,824,93,,266,,958143,43,9672,43,,104,640,40,3,92
91WN02378, 91442409,91,44,T2409,1,48,02,T-3,2,2,5,5,3.0,3,3,2,116,103,3,98,60,487,10, 0, 0, 0, 41,,,,2,1,1,0,158,1097,93,95,266,4,808300,00,9510,43,,68,499,40,3,64
91WN02379, 91442410,91,44,T2410,2,48,02,T-3,2,2,5,5,3.0,3,3,2,116,103,29,114,70,569, 7, 0, 0, 0, 48,041,,,1,1,1,0,158,1097,93,,281,4,808300,00,9510,43,,80,659,40,2,84
91WN02380, 91442411,91,44,T2411,1,48,02,T-5,1,1,1,1,3.0,3,3,2,116,103,29,154,90,724, 6, 0, 0, 0, 65,,,,2,1,1,0,130,841,,,,,960843,43,9855,43,,102,635,40,1,98
91WN02381, 91442413,91,44,T2413,2,48,02,T-2,2,1,3,2,6.0,6,4,2,116,103,1,110,67,544, 7, 0, 0, 0, 41,045,,,1,1,1,0,154,944,92,,262,,806800,00,7206,43,,76,538,40,2,77
91WN02382, 91442414,91,44,T2414,2,48,02,T-4,2,2,5,5,7.0,7,5,2,116,103,19,102,56,445, 9, 0, 0, 0, 35,049,,,1,1,1,0,138,867,92,,262,,958143,43,6754,43,,64,533,48,2,66
91WN02383, 91442415,91,44,T2415,3,48,02,T-4,2,2,5,5,7.0,7,5,2,116,103,2,101,67,552, 8, 0, 0, 0, 43,,,,1,2,1,0,138,867,99,,,,958143,43,6754,43,,76,584,48,E,80
91WN02384, 91442416,91,44,T2416,2,48,02,T-2,1,1,1,1,5.0,5,4,2,116,103,23,128,71,565, 9, 0, 0, 0, 49,040,,,2,1,1,0,146,890,93,95,281,,806800,00,7902,43,,81,535,40,2,87
91WN02385, 91442417,91,44,T2417,2,42,02,842,2,2,5,5,7.0,7,5,2,116,103,21,102,63,513, 8, 0, 0, 0, 44,045,,,2,1,1,0,165,1149,92,,262,,043844,44,6506,43,,72,603,42,2,77
91WN02386, 91442418,91,44,T2418,2,42,02,842,2,2,5,5,7.0,7,5,2,116,103,21,100,55,437, 5, 0, 0, 0, 37,t01,,,2,1,1,0,165,1149,,,,,043844,44,6506,43,,62,527,42,C,69
91WN02387, 91442419,91,44,T2419,2,48,02,T-3,2,1,3,2,2.0,2,2,2,116,103,15,103,69,570,11, 0, 0, 0, 48,041,,,2,1,1,0,149,815,93,,281,,808300,00,0588,44,,79,611,40,2,83
91WN02388, 91442421,91,44,T2421,2,42,02,822,1,1,1,1,6.0,6,4,2,116,103,19,69,34,263,10, 0, 0, 0, 20,,,,1,1,1,0,154,614,93,,281,,034344,44,7569,43,,38,228,42,3,41
91WN02389, 91442422,91,44,T2422,1,48,02,T-4,2,2,5,5,7.0,7,5,2,116,103,10,126,85,703, 9, 0, 0, 0, 68,,,,2,1,2,0,147,987,93,,266,4,958143,43,6478,43,,97,735,48,3,96
91WN02390, 91442423,91,44,T2423,1,48,02,T-4,2,2,5,5,7.0,7,5,2,116,103,4,130,78,631, 8, 0, 0, 0, 48,,,,2,1,1,0,147,987,93,,266,4,958143,43,6478,43,,89,655,48,3,84
91WN02391, 91442424,91,44,T2424,1,48,02,T-1,2,2,5,5,4.0,4,4,2,116,103,30,135,75,597, 8, 0, 0, 0, 52,,,,2,1,1,0,147,1052,93,87,266,,000100,00,9308,43,,85,644,40,3,86
91WN02392, 91442425,91,44,T2425,1,48,02,T-1,2,2,5,5,4.0,4,4,2,116,103,24,133,74,589, 9, 0, 0, 0, 51,,,,1,1,2,0,147,1052,93,87,266,,000100,00,9308,43,,84,627,40,3,84
91WN02393, 91442426,91,44,T2426,1,48,02,T-1,2,2,5,6,5.0,5,4,2,116,103,17,116,77,635, 9, 0, 0, 0, 54,,,,1,1,1,0,157,953,,,,4,000100,00,8427,43,,88,718,48,1,90
91WN02394, 91442427,91,44,T2427,1,48,02,T-1,2,2,5,4,5.0,5,4,2,116,103,3,142,63,474, 7, 0, 0, 0, 44,,,,2,1,2,0,157,953,93,95,266,4,000100,00,8427,43,,71,492,48,3,72
91WN02395, 91442429,91,44,T2429,2,41,02,411,1,1,1,1,2.0,2,2,2,117,102,29,117,70,572, 8, 0, 0, 0, 53,PPL,,,2,3,1,0,149,1004,93,06,256,,036644,44,0777,44,,80,580,41,5,88
91WN02396, 91442430,91,44,T2430,2,48,02,T-2,2,2,5,5,3.0,3,3,2,117,102,7,119,68,550, 8, 0, 0, 0, 46,044,,,2,1,1,0,144,965,93,,281,4,806800,00,9830,43,,78,612,48,2,79
91WN02397, 91442431,91,44,T2431,1,48,02,T-2,2,2,5,5,3.0,3,3,2,117,102,28,124,65,516, 9, 0, 0, 0, 50,,,,1,1,1,0,144,965,93,,321,4,806800,00,9830,43,,74,563,48,H,76
91WN02398, 91442432,91,44,T2432,2,48,02,T-4,2,2,5,4,4.0,4,4,2,117,102,25,112,62,498,10, 0, 0, 0, 43,046,,,1,1,1,0,159,952,93,,281,,958143,43,9182,43,,71,596,48,2,76
91WN02399, 91442433,91,44,T2433,2,48,02,T-4,2,2,5,6,4.0,4,4,2,117,102,5,90,69,588, 8, 0, 0, 0, 46,043,,,2,1,1,0,159,952,93,,281,,958143,43,9182,43,,80,679,48,2,81
91WN02400, 91442434,91,44,T2434,2,48,02,T-5,1,1,1,1,6.0,6,4,2,117,102,19,138,90,747, 8, 0, 0, 0, 64,t02,,,2,1,1,0,124,903,,,,4,960843,43,7230,43,,103,713,48,1,99
91WN02401, 91442435,91,44,T2435,2,42,02,842,1,1,1,1,2.0,2,2,2,117,102,6,118,57,443, 6, 0, 0, 0, 43,t01,,,2,1,1,0,149,937,,21,,,043844,44,0457,44,,65,420,42,C,68
91WN02402, 91442436,91,44,T2436,1,48,02,T-4,1,1,1,1,3.0,3,3,2,117,102,1,156,87,700, 7, 0, 0, 0, 61,,,,1,1,1,0,144,916,93,,266,,958143,43,0054,44,,100,574,40,3,90
91WN02403, 91442437,91,44,T2437,3,48,02,T-4,2,1,3,2,2.0,2,2,2,117,102,22,85,68,583, 9, 0, 0, 0, 44,,,,1,1,1,0,183,958,99,,,,958143,43,0469,44,,79,580,48,E,78
91WN02404, 91442439,91,44,T2439,1,48,02,T-1,1,1,1,1,4.0,4,4,2,117,102,3,154,86,692, 5, 0, 0, 0, 63,,,,2,1,1,0,109,703,93,,266,,000100,00,8524,43,,98,567,48,3,94
91WN02405, 91442440,91,44,T2440,2,42,02,842,2,1,3,2,6.0,6,4,2,117,102,2,83,55,458, 8, 0, 0, 0, 37,049,,,2,1,1,0,154,989,92,,262,,043844,44,7324,43,,63,454,42,2,62
91WN02406, 91442442,91,44,T2442,2,41,02,413,2,1,3,2,5.0,5,4,2,117,102,26,91,63,528, 6, 0, 0, 0, 41,045,,,1,1,1,0,157,904,92,,262,,073944,44,7916,43,,73,557,41,2,77
91WN02407, 91442444,91,44,T2444,2,42,02,842,2,2,5,5,5.0,5,4,2,118,101,7,98,62,517, 6, 0, 0, 0, 41,t03,,,2,1,1,0,201,1049,,,,,043844,44,8324,43,,72,579,42,C,71
91WN02408, 91442445,91,44,T2445,2,42,02,842,2,2,5,5,5.0,5,4,2,118,101,25,97,48,379, 7, 0, 0, 0, 36,,,,2,1,1,0,201,1049,93,,281,,043844,44,8324,43,,55,465,42,3,59
91WN02409, 91442450,91,44,T2450,3,48,02,T-5,3,1,7,2,4.0,4,4,2,118,101,15,88,60,507, 6, 0, 0, 0, 41,,,,2,1,1,0,159,870,93,,321,,960843,43,8708,43,,70,467,48,*,73
91WN02410, 91442452,91,44,T2452,1,48,02,T-1,2,2,5,5,5.0,5,4,2,118,101,10,110,67,554,10, 0, 0, 0, 43,,,,2,1,1,0,190,1215,93,,321,,000100,00,7813,43,,78,576,40,H,78
91WN02411, 91442453,91,44,T2453,2,48,02,T-1,2,2,5,5,5.0,5,4,2,118,101,7,110,69,574, 6, 0, 0, 0, 44,040,,,2,1,1,0,190,1215,93,,281,,000100,00,7813,43,,80,636,40,2,85
91WN02412, 91442454,91,44,T2454,1,42,02,872,2,2,5,4,7.0,7,5,1,118,100,4,137,69,553, 8, 0, 0, 0, 46,,,,1,1,6,0,156,1018,93,16,266,,057744,44,6775,43,,80,612,42,3,81
91WN02413, 91442455,91,44,T2455,2,42,02,872,2,2,5,6,7.0,7,5,1,118,100,2,114,59,476, 8, 0, 0, 0, 43,,,,1,1,1,0,156,1018,93,21,281,,057744,44,6775,43,,69,602,42,3,72
91WN02414, 91442457,91,44,T2457,1,48,02,T-5,2,1,3,2,7.0,7,5,1,119,99,34,148,80,659, 7, 0, 0, 0, 57,,,,2,1,1,0,120,730,93,95,321,,960843,43,6936,43,,94,664,48,H,94
91WN02415, 91442460,91,44,T2460,1,41,02,412,3,1,7,2,4.0,4,4,1,119,99,22,124,80,683, 5, 0, 0, 0, 53,,,,1,1,1,0,197,921,93,,321,,072644,44,9053,43,,94,659,41,H,88
91WN02416, 91442463,91,44,T2463,1,41,02,413,2,1,3,2,7.0,7,5,1,119,99,19,110,80,697, 7, 0, 0, 0, 55,,,,2,1,2,0,165,1128,,,,,073944,44,6514,43,,95,682,41,P,89
91WN02417, 91442464,91,44,T2464,1,42,02,842,2,1,3,2,4.0,4,4,1,119,99,10,89,70,617, 7, 0, 0, 0, 49,,,,2,1,2,0,134,758,15,,345,,043844,44,9203,43,,83,577,42,H,74
91WN02418, 91442466,91,44,T2466,1,42,02,822,2,2,5,5,4.0,4,4,1,120,98,27,106,50,402, 7, 0, 0, 0, 35,,,,2,1,1,0,172,1020,93,,266,,034344,44,8727,43,,59,474,42,3,62
91WN02419, 91442467,91,44,T2467,2,42,02,822,2,2,5,5,4.0,4,4,1,120,98,32,101,54,448, 6, 0, 0, 0, 37,049,,,2,1,1,0,172,1020,92,,262,,034344,44,8727,43,,64,570,42,2,60
91WN02420, 91442469,91,44,T2469,2,48,02,T-5,2,1,3,2,4.0,4,4,1,120,98,23,134,71,588, 6, 0, 0, 0, 45,040,,,2,1,1,0,147,927,93,95,281,,960843,43,8595,43,,84,641,40,2,87
91WN02421, 91442470,91,44,T2470,2,41,02,413,1,1,1,1,4.0,4,4,1,120,98,1,98,62,533, 8, 0, 0, 0, 41,045,,,2,1,1,0,134,922,92,,262,,073944,44,9207,43,,74,503,41,2,77
91WN02422, 91442472,91,44,T2472,2,42,02,812,2,1,3,2,6.0,6,4,1,120,98,17,78,52,451, 6, 0, 0, 0, 35,049,,,2,1,1,0,194,1107,92,,262,,033644,44,7501,43,,62,496,42,2,63
91WN02423, 91442473,91,44,T2473,1,41,02,414,2,2,5,5,5.0,5,4,1,120,98,6,107,63,534, 6, 0, 0, 0, 44,,,,2,1,1,0,201,1176,93,,350,,040944,44,8210,43,,75,578,41,H,76
91WN02424, 91442474,91,44,T2474,1,41,02,414,2,2,5,5,5.0,5,4,1,120,98,33,115,55,444, 6, 0, 0, 0, 37,,,,1,1,1,0,201,1176,93,,266,,040944,44,8210,43,,65,524,41,3,65
91WN02425, 91442475,91,44,T2475,1,48,02,T-5,1,1,1,1,7.0,7,5,1,120,98,26,115,64,536, 6, 0, 0, 0, 44,,,,2,1,1,0,138,871,10,,292,,960843,43,6700,43,,76,483,48,H,73
91WN02426, 91442476,91,44,T2476,2,42,02,822,2,2,5,6,6.0,6,4,1,120,98,6,90,46,378, 5, 0, 0, 0, 33,,,,1,1,1,0,144,1053,93,,281,,034344,44,7301,43,,54,499,42,3,59
91WN02427, 91442477,91,44,T2477,1,42,02,822,2,2,5,4,6.0,6,4,1,120,98,34,110,54,439, 9, 0, 0, 0, 34,,,,2,1,2,0,144,1053,93,,266,,034344,44,7301,43,,64,528,42,3,64
91WN02428, 91442478,91,44,T2478,2,42,02,812,2,1,3,2,4.0,4,4,1,120,98,16,91,69,611, 7, 0, 0, 0, 51,t01,,,2,1,1,0,159,963,,95,,,033644,44,8929,43,,82,655,42,C,80
91WN02429, 91442479,91,44,T2479,1,42,02,812,2,1,3,2,4.0,4,4,1,120,98,3,100,68,592, 8, 0, 0, 0, 48,,,,1,1,1,0,159,963,93,,321,,033644,44,8929,43,,81,544,42,H,74
91WN02430, 91442481,91,44,T2481,1,42,02,862,1,1,1,1,4.0,4,4,1,121,97,22,133,84,729, 4, 0, 0, 0, 56,,,,1,1,2,0,122,839,,95,,,046744,44,9322,43,,101,659,42,C,89
91WN02431, 91442482,91,44,T2482,1,41,02,414,2,2,5,4,7.0,7,5,1,121,97,6,132,64,524,10, 0, 0, 0, 42,,,,2,1,1,0,202,1301,93,,266,,040944,44,6865,43,,76,589,41,3,70
91WN02432, 91442483,91,44,T2483,1,41,02,414,2,2,5,6,7.0,7,5,1,121,97,25,110,59,495, 7, 0, 0, 0, 42,,,,1,1,1,0,202,1301,93,95,266,,040944,44,6865,43,,70,632,41,3,68
91WN02433, 91442487,91,44,T2487,1,41,02,411,1,1,1,1,7.0,7,5,1,121,97,35,163,83,688, 8, 0, 0, 0, 59,,,,2,1,2,0,156,1112,93,,321,,036644,44,6325,43,,99,648,41,H,91
91WN02434, 91442488,91,44,T2488,1,41,02,411,2,1,3,2,7.0,7,5,1,121,97,25,108,62,528,10, 0, 0, 0, 43,,,,1,1,2,0,192,1082,93,,266,,036644,44,6732,43,,74,523,41,3,70
91WN02435, 91442490,91,44,T2490,1,42,02,852,1,1,1,1,4.0,4,4,1,121,97,8,127,70,591, 9, 0, 0, 0, 46,,,,2,1,2,0,122,793,10,,295,,040344,44,9290,43,,84,503,42,H,75
91WN02436, 91442491,91,44,T2491,3,42,02,852,1,1,1,1,7.0,7,5,1,121,97,15,95,68,603, 8, 0, 0, 0, 46,,,,1,3,1,0,147,912,99,06,,,040344,44,6911,43,,82,604,42,E,72
91WN02437, 91442492,91,44,T2492,2,42,02,812,1,1,1,1,5.0,5,4,1,121,97,3,124,71,604, 8, 0, 0, 0, 50,t01,,,1,1,1,0,135,868,,95,,,033644,44,7870,43,,85,578,42,C,84
91WN02438, 91442493,91,44,T2493,2,41,02,413,2,2,5,5,6.0,6,4,1,121,97,26,95,49,407, 6, 0, 0, 0, 32,,,,1,2,1,0,164,900,93,06,281,,073944,44,7159,43,,58,523,41,3,63
91WN02439, 91442494,91,44,T2494,2,41,02,413,2,2,5,5,6.0,6,4,1,121,97,12,83,44,368, 5, 0, 0, 0, 27,,,,1,1,1,0,164,900,93,,281,,073944,44,7159,43,,52,465,41,3,55
91WN02440, 91442495,91,44,T2495,3,42,02,852,1,1,1,1,6.0,6,4,1,121,97,6,89,62,547, 9, 0, 0, 0, 40,,,,1,1,1,0,124,701,93,16,321,,040344,44,7043,43,,75,523,42,*,71
91WN02441, 91442496,91,44,T2496,1,48,02,T-1,1,1,1,1,4.0,4,4,1,121,97,2,149,87,743, 7, 0, 0, 0, 56,,,,1,1,2,0,147,938,93,95,266,,000100,00,9353,43,,104,647,48,3,92
91WN02442, 91442498,91,44,T2498,1,42,02,872,2,1,3,2,5.0,5,4,1,122,96,6,115,86,776, 8, 0, 0, 0, 53,,,,2,1,2,0,179,917,01,,342,,057744,44,7764,43,,105,735,42,C,88
91WN02443, 91442499,91,44,T2499,2,42,02,832,1,1,1,1,4.0,4,4,1,122,96,21,95,66,589, 8, 0, 0, 0, 44,t03,,,2,1,1,0,122,813,,,,,039544,44,9092,43,,80,588,42,C,73
91WN02444, 91442500,91,44,T2500,1,48,02,T-4,2,2,5,5,4.0,4,4,1,122,96,21,140,62,500,10, 0, 0, 0, 42,,,,2,1,1,0,147,1017,93,,266,,958143,43,8943,43,,74,566,48,3,68
91WN02445, 91442501,91,44,T2501,3,48,02,T-4,2,2,5,5,4.0,4,4,1,122,96,12,127,59,482, 9, 0, 0, 0, 36,,,,2,1,1,0,147,1017,93,21,321,,958143,43,8943,43,,71,547,48,*,70
91WN02446, 91442502,91,44,T2502,1,42,02,832,1,1,1,1,7.0,7,5,1,122,96,34,106,61,525, 9, 0, 0, 0, 44,,,,1,1,1,0,129,716,93,,266,,039544,44,6595,43,,74,485,42,3,65
91WN02447, 91442503,91,44,T2503,1,42,02,832,1,1,1,1,5.0,5,4,1,123,95,22,116,69,604, 9, 0, 0, 0, 49,,,,1,1,1,0,135,910,93,,266,,039544,44,8061,43,,84,537,42,3,77
91WN02448, 91442504,91,44,T2504,1,42,02,872,1,1,1,1,6.0,6,4,1,123,95,6,124,78,691,12, 0, 0, 0, 53,,,,2,1,3,0,114,788,,16,,,057744,44,7282,43,,95,602,42,C,85
91WN02449, 91442507,91,44,T2507,1,42,02,822,1,1,1,1,5.0,5,4,2,125,94,19,158,79,672, 7, 0, 0, 0, 53,,,,2,1,2,0,157,1125,,,,,034344,44,7955,43,,96,578,42,C,88
91WN02450, 91442508,91,44,T2508,3,42,02,872,2,2,5,5,3.0,3,3,2,125,94,3,98,60,534, 7, 0, 0, 0, 38,,,,2,1,1,0,173,1161,93,16,350,,057744,44,9856,43,,74,567,42,*,69
91WN02451, 91442509,91,44,T2509,1,42,02,872,2,2,5,5,3.0,3,3,2,125,94,22,98,47,396, 8, 0, 0, 0, 29,,,,1,1,2,0,173,1161,93,,266,,057744,44,9856,43,,57,444,42,3,53
91WN02452, 91635113,91,63,K5113,2,68,06,634,2,2,5,4,2.0,2,2,3,84,141,8,81,60,368, 0, 0, 0, 0, 44,,,,,1,,0,150,940,93,,281,3,422863,63,4269,63,,52,437,61,3,59
91WN02453, 91635114,91,63,K5114,3,68,06,634,2,2,5,6,2.0,2,2,3,84,141,5,68,55,342, 0, 0, 0, 0, 44,,,,,1,,0,150,940,93,,281,3,422863,63,4269,63,,48,516,61,3,52
91WN02454, 91635116,91,63,K5116,2,68,06,631,2,1,3,2,3.0,3,3,1,84,134,3,95,97,653, 7, 0, 0, 0, 76,c-1,,,1,1,1,0,191,1133,,,,,334663,63,3122,63,,88,636,61,1,116
91WN02455, 91635118,91,63,K5118,2,68,06,633,1,1,1,1,3.0,3,3,3,84,141,7,118,94,583, 0, 0, 0, 0, 73,c-2,,,,1,,0,162,1022,,,,3,398563,63,3665,63,,82,530,61,1,84
91WN02456, 91635119,91,63,K5119,3,68,06,634,2,2,5,5,2.0,2,2,3,85,140,12,79,71,451, 0, 0, 0, 0, 49,,,,,1,,0,167,1104,93,,321,3,422863,63,4052,63,,62,547,60,H,0
91WN02457, 91635120,91,63,K5120,3,68,06,634,2,2,5,5,2.0,2,2,3,85,140,12,82,81,520, 0, 0, 0, 0, 54,,,,,1,,0,167,1104,93,,321,3,422863,63,4052,63,,71,616,60,H,0
91WN02458, 91635121,91,63,K5121,1,68,06,611,1,1,1,1,3.0,3,3,1,85,133,13,128,122,821, 5, 0, 0, 0, 95,,,,1,1,1,0,162,1094,,,,,393963,63,3186,63,,111,675,63,1,132
91WN02459, 91635122,91,63,K5122,3,68,06,612,2,2,5,5,3.0,3,3,1,86,132,35,118,76,486, 6, 0, 0, 0, 57,,,,4,1,,0,162,1156,93,,297,,431263,63,3084,63,,70,553,63,R,0
91WN02460, 91635123,91,63,K5123,2,68,06,612,2,2,5,5,3.0,3,3,1,86,132,35,103,78,513, 7, 0, 0, 0, 59,051,,,2,1,1,0,162,1156,92,,262,,431263,63,3084,63,,72,591,63,2,94
91WN02461, 91635124,91,63,K5124,2,68,06,601,2,2,5,5,7.0,7,5,1,86,132,28,106,82,541, 9, 0, 0, 0, 65,c-3,,,2,1,1,0,178,1377,,,,,388463,63,0999,63,,76,651,61,1,95
91WN02462, 91635125,91,63,K5125,2,68,06,601,2,2,5,5,7.0,7,5,1,86,132,24,97,85,570, 7, 0, 0, 0, 72,c-3,,,2,1,1,0,178,1377,,,,,388463,63,0999,63,,78,676,61,1,104
91WN02463, 91635126,91,63,K5126,2,68,06,634,2,2,5,7,3.0,3,3,3,86,140,13,77,80,516, 0, 0, 0, 0, 56,c-3,,,,1,,0,148,1101,,,,3,422863,63,3248,63,,70,615,60,1,84
91WN02464, 91635127,91,63,K5127,2,68,06,634,2,2,5,3,3.0,3,3,3,86,140,13,124,102,640, 0, 0, 0, 0, 71,c-3,,,,1,,0,148,1101,,95,,3,422863,63,3248,63,,89,673,60,1,106
91WN02465, 91635128,91,63,K5128,3,68,06,604,2,2,5,5,4.0,4,4,1,86,132,34,89,81,546, 6, 0, 0, 0, 65,,,,2,1,1,0,154,1014,93,,321,,428963,63,2560,63,,74,614,68,H,0
91WN02466, 91635129,91,63,K5129,2,68,06,604,2,2,5,5,4.0,4,4,1,86,132,35,93,79,528, 7, 0, 0, 0, 59,050,,,2,1,1,0,154,1014,92,,262,,428963,63,2560,63,,73,608,68,2,100
91WN02467, 91635130,91,63,K5130,2,68,06,634,2,1,3,2,2.0,2,2,3,86,139,5,116,109,701, 0, 0, 0, 0, 81,c-1,,,,1,,0,167,1081,,,,3,422863,63,4271,63,,96,730,61,1,98
91WN02468, 91635132,91,63,K5132,2,68,06,611,1,1,1,1,5.0,5,4,1,86,132,33,118,92,608, 6, 0, 0, 0, 78,c-1,,,1,1,1,0,145,1104,,,,,393963,63,2122,63,,85,568,63,1,111
91WN02469, 91635133,91,63,K5133,2,68,06,612,1,1,1,1,2.0,2,2,1,86,132,15,119,101,675, 8, 0, 0, 0, 89,c-1,,,2,1,1,0,150,1102,,21,,,431263,63,3993,63,,93,657,60,1,116
91WN02470, 91635134,91,63,K5134,2,68,06,612,2,2,5,5,5.0,5,4,1,86,132,2,88,80,539, 6, 0, 0, 0, 60,c-3,,,4,1,1,0,167,1167,,,,,431263,63,1801,63,,74,592,68,1,91
91WN02471, 91635135,91,63,K5135,1,68,06,612,2,2,5,5,5.0,5,4,1,86,132,10,97,79,525, 7, 0, 0, 0, 61,,,,2,1,1,0,167,1167,93,,297,,431263,63,1801,63,,73,546,68,R,0
91WN02472, 91635137,91,63,K5137,2,68,06,612,3,2,8,6,5.0,5,4,1,86,132,34,91,87,590, 8, 0, 0, 0, 70,c-4,,,1,1,1,0,178,1209,,,,,431263,63,2099,63,,80,699,68,1,103
91WN02473, 91635138,91,63,K5138,1,68,06,612,3,2,8,4,5.0,5,4,1,86,132,20,110,94,629, 8, 0, 0, 0, 75,,,,2,1,1,0,178,1209,93,,266,,431263,63,2099,63,,86,602,68,3,104
91WN02474, 91635139,91,63,K5139,2,68,06,612,3,1,7,2,5.0,5,4,1,86,132,19,70,72,492, 6, 0, 0, 0, 58,055,,,2,1,1,0,178,1209,92,,262,,431263,63,2099,63,,66,487,68,2,83
91WN02475, 91635140,91,63,K5140,1,68,06,633,2,2,5,5,2.0,2,2,3,86,139,14,95,93,601, 0, 0, 0, 0, 63,,,,,1,,0,150,1054,93,,266,3,398563,63,4338,63,,82,670,68,3,99
91WN02476, 91635141,91,63,K5141,1,68,06,633,2,2,5,5,2.0,2,2,3,86,139,12,96,85,542, 0, 0, 0, 0, 54,,,,,1,,0,150,1054,93,,266,3,398563,63,4338,63,,75,610,68,3,88
91WN02477, 91635142,91,63,K5142,1,68,06,602,2,2,5,5,3.0,3,3,1,86,132,26,112,88,582, 5, 0, 0, 0, 70,,,,2,1,1,0,162,1182,,,,,403663,63,3273,63,,81,614,63,1,95
91WN02478, 91635143,91,63,K5143,1,68,06,602,2,2,5,5,3.0,3,3,1,86,132,6,118,103,691, 5, 0, 0, 0, 76,,,,1,1,1,0,162,1182,,,,,403663,63,3273,63,,95,707,63,1,113
91WN02479, 91635144,91,63,K5144,3,68,06,633,3,1,7,2,2.0,2,2,1,87,131,2,60,79,557, 8, 0, 0, 0, 63,,,,1,1,1,0,184,1109,93,,321,3,398563,63,3869,63,,73,546,60,H,0
91WN02480, 91635145,91,63,K5145,2,68,06,633,3,2,8,5,2.0,2,2,3,87,137,3,79,72,468, 0, 0, 0, 0, 45,,,,,1,,0,184,1109,93,,281,3,398563,63,3869,63,,64,564,60,3,75
91WN02481, 91635146,91,63,K5146,3,68,06,633,3,2,8,5,2.0,2,2,3,87,137,3,75,74,485, 0, 0, 0, 0, 46,,,,,1,,0,184,1109,93,,297,3,398563,63,3869,63,,66,570,60,R,0
91WN02482, 91635148,91,63,K5148,2,68,06,601,2,1,3,2,3.0,3,3,1,87,131,22,94,86,585, 6, 0, 0, 0, 69,c-1,,,2,1,1,0,162,1028,,,,,388463,63,3185,63,,80,580,63,1,97
91WN02483, 91635149,91,63,K5149,1,68,06,601,2,2,5,5,6.0,6,4,1,87,131,8,101,102,702, 7, 0, 0, 0, 80,,,,1,1,1,0,164,1242,,,,,388463,63,1496,63,,94,720,61,1,109
91WN02484, 91635150,91,63,K5150,2,68,06,601,2,2,5,5,6.0,6,4,1,87,131,33,111,96,648, 7, 0, 0, 0, 71,c-1,,,2,2,1,0,164,1242,,21,,,388463,63,1496,63,,89,725,61,1,111
91WN02485, 91635151,91,63,K5151,2,68,06,602,2,1,3,2,5.0,5,4,1,87,131,35,82,92,640, 6, 0, 0, 0, 73,c-4,,,2,1,,0,178,1149,,,,,403663,63,1907,63,,85,647,61,1,100
91WN02486, 91635153,91,63,K5153,2,68,06,604,1,1,1,1,2.0,2,2,3,87,137,5,130,108,693, 0, 0, 0, 0, 75,c-1,,,,1,,0,167,1030,,,,3,428963,63,4175,63,,96,672,68,1,106
91WN02487, 91635154,91,63,K5154,1,68,06,604,2,2,5,5,3.0,3,3,3,87,139,1,122,96,603, 0, 0, 0, 0, 70,,,,,1,,0,148,1060,93,,266,3,428963,63,3362,63,,85,,61,3,105
91WN02488, 91635155,91,63,K5155,1,68,06,604,2,2,5,5,3.0,3,3,3,87,139,1,108,99,635, 0, 0, 0, 0, 71,,,,,1,,0,148,1060,93,,266,3,428963,63,3362,63,,87,,61,3,108
91WN02489, 91635157,91,63,K5157,3,68,06,633,2,1,3,2,2.0,2,2,3,87,139,13,82,93,610, 0, 0, 0, 0, 62,,,,,1,,0,150,897,93,,321,3,398563,63,4124,63,,81,617,60,H,0
91WN02490, 91635158,91,63,K5158,2,68,06,614,1,1,1,1,2.0,2,2,3,87,138,4,103,110,722, 0, 0, 0,+, 81,c-3,,,,1,,0,134,938,,,,3,425163,63,4201,63,,97,702,68,1,105
91WN02491, 91635159,91,63,K5159,2,68,06,631,2,2,5,5,5.0,5,4,1,87,131,16,125,99,660, 8, 0, 0, 0, 74,c-4,,,4,1,1,0,156,1164,,,,,334663,63,2117,63,,92,723,68,1,111
91WN02492, 91635160,91,63,K5160,1,68,06,631,2,2,5,5,5.0,5,4,1,87,131,32,112,101,685, 8, 0, 0, 0, 81,,,,2,1,1,0,156,1164,,,,,334663,63,2117,63,,93,723,68,1,117
91WN02493, 91635161,91,63,K5161,2,68,06,602,2,2,5,7,3.0,3,3,1,87,131,27,87,67,445, 8, 0, 0, 0, 48,054,,,2,1,1,0,177,1374,92,,262,,403663,63,3070,63,,62,546,61,2,85
91WN02494, 91635162,91,63,K5162,1,68,06,602,2,2,5,3,3.0,3,3,1,87,131,10,129,102,680, 6, 0, 0, 0, 82,,,,2,1,1,0,177,1374,,,,,403663,63,3070,63,,95,642,61,1,114
91WN02495, 91635163,91,63,K5163,2,68,06,611,1,1,1,1,4.0,4,4,1,87,131,32,145,101,660, 8, 0, 0, 0, 81,c-3,,,2,1,1,0,166,1198,,,,,393963,63,2476,63,,94,618,60,1,115
91WN02496, 91635164,91,63,K5164,2,68,06,633,2,2,5,5,5.0,5,4,3,87,137,14,118,91,578, 0, 0, 0, 0, 60,c-2,,,,1,,0,145,1029,,,,3,398563,63,2405,63,,81,646,68,1,91
91WN02497, 91635165,91,63,K5165,1,68,06,633,2,2,5,5,5.0,5,4,3,87,137,14,128,102,651, 0, 0, 0, 0, 75,,,,,1,,0,145,1029,,,,3,398563,63,2405,63,,91,681,68,1,101
91WN02498, 91635167,91,63,K5167,3,68,06,601,2,1,3,2,2.0,2,2,1,87,131,6,108,88,589, 8, 0, 0, 0, 65,,,,2,1,1,0,167,1072,93,,321,,388463,63,3916,63,,82,581,68,H,0
91WN02499, 91635168,91,63,K5168,1,68,06,631,3,2,8,5,6.0,6,4,1,87,131,16,86,102,713, 7, 0, 0, 0, 77,,,,1,1,1,0,174,1197,,,,,334663,63,1235,63,,94,738,61,1,110
91WN02500, 91635169,91,63,K5169,1,68,06,631,3,2,8,5,6.0,6,4,1,87,131,5,74,82,569, 7, 0, 0, 0, 61,,,,2,1,1,0,174,1197,93,,297,,334663,63,1235,63,,76,585,61,R,0
91WN02501, 91635171,91,63,K5171,2,68,06,631,4,2,0,5,4.0,4,4,1,87,131,17,89,92,634, 6, 0, 0, 0, 67,c-4,,,4,1,1,0,204,1265,,,,,334663,63,2936,63,,85,698,68,1,108
91WN02502, 91635173,91,63,K5173,2,68,06,631,4,2,0,5,4.0,4,4,1,87,131,15,86,79,537, 7, 0, 0, 0, 59,c-2,,,2,1,1,0,204,1265,,,,,334663,63,2936,63,,73,599,68,1,92
91WN02503, 91635174,91,63,K5174,2,68,06,631,4,1,0,2,4.0,4,4,1,87,131,16,66,62,423,10, 0, 0, 0, 48,056,,,1,1,1,0,204,1265,92,,262,,334663,63,2936,63,,57,415,68,2,77
91WN02504, 91635175,91,63,K5175,1,68,06,604,2,2,5,4,2.0,2,2,3,87,138,14,121,83,514, 0, 0, 0, 0, 54,,,,,1,,0,150,1028,93,,266,3,428963,63,3972,63,,74,526,63,3,82
91WN02505, 91635176,91,63,K5176,2,68,06,604,2,2,5,6,2.0,2,2,3,87,138,14,96,74,467, 0, 0, 0, 0, 49,c-1,,,,1,,0,150,1028,,,,3,428963,63,3972,63,,66,604,63,1,80
91WN02506, 91635177,91,63,K5177,1,68,06,602,1,1,1,1,2.0,2,2,1,87,131,11,123,111,753, 6, 0, 0, 0, 83,,,,2,1,3,0,150,1116,,,,,403663,63,3908,63,,103,642,61,1,119
91WN02507, 91635178,91,63,K5178,2,68,06,634,1,1,1,1,3.0,3,3,3,87,138,6,118,102,654, 0, 0, 0, 0, 76,c-4,,,,1,,0,148,1032,,95,,3,422863,63,3315,63,,90,596,60,1,94
91WN02508, 91635179,91,63,K5179,2,68,06,611,2,2,5,6,5.0,5,4,1,88,130,32,97,89,610, 5, 0, 0, 0, 67,c-4,,,2,1,1,0,156,1187,,,,,393963,63,2406,63,,83,715,68,1,103
91WN02509, 91635180,91,63,K5180,2,68,06,611,2,2,5,4,5.0,5,4,1,88,130,12,114,91,612, 5, 0, 0, 0, 70,c-2,,,2,1,1,0,156,1187,,,,,393963,63,2406,63,,85,634,68,1,102
91WN02510, 91635181,91,63,K5181,2,68,06,614,2,1,3,2,2.0,2,2,3,88,137,18,88,90,593, 0, 0, 0,+, 60,c-2,,,,1,,0,184,894,,,,3,425163,63,4373,63,,80,630,63,1,95
91WN02511, 91635183,91,63,K5183,2,68,06,612,1,1,1,1,3.0,3,3,3,88,137,18,116,116,762, 0, 0, 0, 0, 74,c-3,,,,1,,0,162,1109,,95,,3,431263,63,3581,63,,103,713,63,1,113
91WN02512, 91635184,91,63,K5184,2,68,06,633,2,2,5,5,2.0,2,2,3,88,137,5,110,89,569, 0, 0, 0, 0, 65,c-4,,,,1,,0,167,1176,,,,3,398563,63,4004,63,,79,667,61,1,87
91WN02513, 91635185,91,63,K5185,1,68,06,633,2,2,5,5,2.0,2,2,3,88,137,5,111,62,372, 0, 0, 0, 0, 43,,,,,1,,0,167,1176,93,,266,3,398563,63,4004,63,,56,431,61,3,63
91WN02514, 91635186,91,63,K5186,1,68,06,601,2,1,3,2,5.0,5,4,1,88,130,28,137,107,718, 6, 0, 0, 0, 92,,,,2,1,3,0,167,1180,,,,,388463,63,2103,63,,100,586,63,1,111
91WN02515, 91635188,91,63,K5188,1,68,06,601,2,2,5,5,4.0,4,4,1,88,130,20,128,100,671, 6, 0, 0, 0, 76,,,,2,1,1,0,154,1186,93,,266,,388463,63,2978,63,,93,698,63,3,113
91WN02516, 91635189,91,63,K5189,2,68,06,601,2,2,5,5,4.0,4,4,1,88,130,7,119,98,662, 6, 0, 0, 0, 73,c-3,,,1,1,1,0,154,1186,,21,,,388463,63,2978,63,,91,716,63,1,109
91WN02517, 91635190,91,63,K5190,1,68,06,632,1,1,1,1,4.0,4,4,1,88,130,27,142,117,791, 5, 0, 0, 0, 97,,,,4,1,2,0,166,1265,10,,300,,392563,63,2685,63,,109,655,60,1,128
91WN02518, 91635191,91,63,K5191,3,68,06,613,2,2,5,5,5.0,5,4,1,88,130,22,115,88,588, 8, 0, 0, 0, 65,,,,2,1,1,0,156,1062,93,,321,,407663,63,2084,63,,82,644,60,H,0
91WN02519, 91635192,91,63,K5192,3,68,06,613,2,2,5,5,5.0,5,4,1,88,130,10,130,103,692, 5, 0, 0, 0, 83,,,,2,1,1,0,156,1062,93,,281,,407663,63,2084,63,,96,738,60,3,117
91WN02520, 91635193,91,63,K5193,3,68,06,611,1,1,1,1,3.0,3,3,1,88,130,35,127,106,718, 6, 0, 0, 0, 84,,,,2,1,1,0,148,1052,93,,281,,393963,63,3271,63,,99,629,63,3,129
91WN02521, 91635194,91,63,K5194,3,68,06,634,2,2,5,5,2.0,2,2,3,88,137,12,90,78,504, 0, 0, 0, 0, 49,,,,,1,,0,167,1213,93,,321,3,422863,63,4227,63,,69,597,60,H,0
91WN02522, 91635195,91,63,K5195,3,68,06,634,2,2,5,5,2.0,2,2,3,88,137,13,85,86,566, 0, 0, 0, 0, 53,,,,,1,,0,167,1213,93,,281,3,422863,63,4227,63,,76,659,60,3,85
91WN02523, 91635196,91,63,K5196,1,68,06,614,1,1,1,1,3.0,3,3,3,88,136,16,153,126,814, 0, 0, 0, 0, 91,,,,,1,,0,134,956,93,39,266,3,425163,63,3538,63,,113,673,63,3,128
91WN02524, 91635197,91,63,K5197,2,68,06,612,1,1,1,1,4.0,4,4,1,88,130,2,94,104,728, 8, 0, 0, 0, 80,c-2,,,1,1,1,0,166,1061,,,,,431263,63,2639,63,,97,660,63,1,116
91WN02525, 91635198,91,63,K5198,1,68,06,613,2,2,5,5,2.0,2,2,3,88,136,13,124,81,504, 0, 0, 0, 0, 56,,,,,1,,0,150,945,93,,297,3,407663,63,4209,63,,73,569,60,R,0
91WN02526, 91635199,91,63,K5199,1,68,06,633,2,2,5,5,2.0,2,2,3,88,136,15,135,87,540, 0, 0, 0, 0, 63,,,,,1,,0,167,1030,93,,266,3,398563,63,3912,63,,78,606,61,3,93
91WN02527, 91635200,91,63,K5200,2,68,06,633,2,1,3,2,2.0,2,2,3,88,138,7,123,110,708, 0, 0, 0, 0, 76,c-2,,,,1,,0,167,1030,,,,3,398563,63,3912,63,,97,737,61,1,112
91WN02528, 91635201,91,63,K5201,2,68,06,601,2,2,5,5,4.0,4,4,1,89,129,17,115,87,585, 7, 0, 0, 0, 63,c-3,,,2,1,1,0,166,1191,,,,,388463,63,2615,63,,82,646,61,1,98
91WN02529, 91635202,91,63,K5202,2,68,06,601,2,2,5,5,4.0,4,4,1,89,129,22,108,99,684, 7, 0, 0, 0, 82,c-2,,,2,1,1,0,166,1191,,21,,,388463,63,2615,63,,93,750,61,1,115
91WN02530, 91635203,91,63,K5203,2,68,06,601,2,2,5,6,4.0,4,4,1,89,129,24,112,83,557, 7, 0, 0, 0, 67,c-3,,,2,1,1,0,204,1375,,,,,388463,63,2657,63,,78,654,63,1,98
91WN02531, 91635204,91,63,K5204,1,68,06,601,2,2,5,4,4.0,4,4,1,89,129,23,140,103,690, 7, 0, 0, 0, 83,,,,1,1,1,0,204,1375,,,,,388463,63,2657,63,,97,662,63,1,117
91WN02532, 91635205,91,63,K5205,1,68,06,631,2,1,3,2,6.0,6,4,1,89,129,11,123,114,788,10, 0, 0, 0, 85,,,,2,1,1,0,194,1350,,95,,,334663,63,1490,63,,107,641,60,1,127
91WN02533, 91635206,91,63,K5206,2,68,06,612,2,2,5,5,5.0,5,4,1,89,129,15,110,91,620, 8, 0, 0, 0, 69,c-4,,,2,1,1,0,156,1207,,95,,,431263,63,1823,63,,85,680,60,1,107
91WN02534, 91635207,91,63,K5207,1,68,06,612,2,2,5,5,5.0,5,4,1,89,129,8,124,104,710,10, 0, 0, 0, 74,,,,2,1,2,0,156,1207,,,,,431263,63,1823,63,,98,726,60,1,113
91WN02535, 91635208,91,63,K5208,2,68,06,603,2,2,5,6,3.0,3,3,1,89,129,25,98,76,513, 6, 0, 0, 0, 62,051,,,2,1,1,0,177,1015,92,,262,,399463,63,3115,63,,71,609,61,2,95
91WN02536, 91635209,91,63,K5209,3,68,06,603,2,2,5,4,3.0,3,3,1,89,129,29,118,90,606, 6, 0, 0, 0, 68,,,,1,1,1,0,177,1015,93,,281,,399463,63,3115,63,,85,659,61,*,102
91WN02537, 91635210,91,63,K5210,2,68,06,631,2,2,5,5,5.0,5,4,1,89,129,7,131,98,658, 7, 0, 0, 0, 75,c-1,,,2,1,1,0,167,1167,,,,,334663,63,2282,63,,92,711,61,1,113
91WN02538, 91635211,91,63,K5211,2,68,06,631,2,2,5,5,5.0,5,4,1,89,129,34,124,88,586, 9, 0, 0, 0, 65,c-2,,,2,1,1,0,167,1167,,95,,,334663,63,2282,63,,83,661,61,1,102
91WN02539, 91635213,91,63,K5213,1,68,06,614,2,1,3,2,7.0,7,5,1,89,129,34,138,100,668, 7, 0, 0, 0, 78,,,,2,1,1,0,151,957,93,95,266,,425163,63,1025,63,,94,575,63,3,110
91WN02540, 91635214,91,63,K5214,3,68,06,603,2,1,3,2,2.0,2,2,3,89,137,1,100,102,672, 0, 0, 0, 0, 71,,,,,1,,0,167,917,93,,281,3,399463,63,4329,63,,91,667,61,3,100
91WN02541, 91635216,91,63,K5216,3,68,06,614,1,1,1,1,2.0,2,2,3,89,135,8,135,98,626, 0, 0, 0, 0, 73,,,,,1,,0,150,1042,93,,281,3,425163,63,4243,63,,89,560,60,3,96
91WN02542, 91635218,91,63,K5218,2,68,06,604,2,1,3,2,2.0,2,2,3,89,135,20,107,104,691, 0, 0, 0, 0, 70,c-2,,,,1,,0,184,1102,,,,3,428963,63,3935,63,,94,727,61,1,100
91WN02543, 91635219,91,63,K5219,3,68,06,633,2,2,5,5,2.0,2,2,3,89,137,6,105,89,573, 0, 0, 0, 0, 58,,,,,1,,0,150,1047,93,,281,3,398563,63,3947,63,,79,661,68,3,81
91WN02544, 91635220,91,63,K5220,2,68,06,633,2,2,5,5,2.0,2,2,3,89,137,6,104,70,435, 0, 0, 0, 0, 49,,,,,1,,0,150,1047,93,,281,3,398563,63,3947,63,,63,534,68,3,73
91WN02545, 91635221,91,63,K5221,1,68,06,634,2,2,5,5,4.0,4,4,3,89,136,5,108,96,626, 0, 0, 0, 0, 70,,,,,1,,0,204,1093,93,95,266,3,422863,63,2611,63,,86,647,61,3,97
91WN02546, 91635222,91,63,K5222,1,68,06,634,2,2,5,5,4.0,4,4,3,89,136,7,110,88,566, 0, 0, 0, 0, 62,,,,,1,,0,204,1093,93,95,266,3,422863,63,2611,63,,79,588,61,3,87
91WN02547, 91635223,91,63,K5223,3,68,06,604,1,1,1,1,3.0,3,3,3,89,136,14,131,129,852, 0, 0, 0, 0, 86,,,,,1,,0,148,1062,93,,322,3,428963,63,3426,63,,115,753,63,3,119
91WN02548, 91635224,91,63,K5224,2,68,06,632,1,1,1,1,2.0,2,2,3,89,137,12,131,100,634, 0, 0, 0,?, 68,c-2,,,,1,,0,167,1100,,,,3,392563,63,3995,63,,89,619,68,1,103
91WN02549, 91635225,91,63,K5225,3,68,06,634,3,2,8,5,3.0,3,3,3,89,136,6,100,74,471, 0, 0, 0, 0, 50,,,,,1,,0,191,981,93,,321,3,422863,63,3309,63,,66,518,61,H,0
91WN02550, 91635226,91,63,K5226,3,68,06,634,3,2,8,5,3.0,3,3,3,89,136,6,99,93,611, 0, 0, 0, 0, 66,,,,,1,,0,191,981,93,,281,3,422863,63,3309,63,,83,658,61,3,87
91WN02551, 91635228,91,63,K5228,2,68,06,612,1,1,1,1,3.0,3,3,1,89,129,13,126,102,693, 8, 0, 0, 0, 84,c-4,,,2,1,1,0,162,1259,,95,,,431263,63,3373,63,,96,631,60,1,114
91WN02552, 91635229,91,63,K5229,3,68,06,613,1,1,1,1,2.0,2,2,3,89,135,3,122,99,643, 0, 0, 0, 0, 73,,,,,1,,0,150,913,93,21,281,3,407663,63,4191,63,,89,572,68,3,96
91WN02553, 91635230,91,63,K5230,2,68,06,612,1,1,1,1,2.0,2,2,1,89,129,35,121,101,689, 7, 0, 0, 0, 82,c-3,,,2,1,1,0,150,1095,,95,,,431263,63,4169,63,,95,684,63,1,123
91WN02554, 91635231,91,63,K5231,2,68,06,614,2,2,5,7,2.0,2,2,3,89,135,14,83,68,442, 0, 0, 0, 0, 43,,,,,1,,0,150,1030,93,,281,3,425163,63,3915,63,,61,575,68,3,66
91WN02555, 91635232,91,63,K5232,3,68,06,614,2,2,5,3,2.0,2,2,3,89,135,14,114,80,508, 0, 0, 0, 0, 57,,,,,1,,0,150,1030,93,,321,3,425163,63,3915,63,,72,594,68,H,0
91WN02556, 91635236,91,63,K5236,2,68,06,614,2,2,5,5,2.0,2,2,3,89,136,4,102,84,543, 0, 0, 0,+, 60,c-2,,,,1,,0,167,1047,,,,3,425163,63,4344,63,,75,639,63,1,73
91WN02557, 91635237,91,63,K5237,2,68,06,614,2,2,5,5,2.0,2,2,3,89,136,3,112,74,462, 0, 0, 0, 0, 50,,,,,1,,0,167,1047,93,,281,3,425163,63,4344,63,,67,557,63,3,71
91WN02558, 91635238,91,63,K5238,2,68,06,631,1,1,1,1,3.0,3,3,1,89,129,12,143,115,781, 8, 0, 0, 0, 93,c-1,,,2,1,1,0,162,1218,,95,,,334663,63,3429,63,,108,718,60,1,128
91WN02559, 91635239,91,63,K5239,2,68,06,602,2,2,5,6,4.0,4,4,3,90,134,15,97,70,450, 0, 0, 0, 0, 45,,,,,1,,0,179,1156,93,95,281,3,403663,63,2488,63,,64,545,61,3,68
91WN02560, 91635240,91,63,K5240,3,68,06,602,2,2,5,4,4.0,4,4,3,90,134,16,121,86,551, 0, 0, 0, 0, 62,,,,,1,,0,179,1156,93,95,321,3,403663,63,2488,63,,78,600,61,H,0
91WN02561, 91635241,91,63,K5241,1,68,06,611,2,2,5,5,7.0,7,5,1,90,128,22,114,87,591, 8, 0, 0, 0, 63,,,,2,1,2,0,178,1245,,95,,,393963,63,1141,63,,82,652,63,1,100
91WN02562, 91635242,91,63,K5242,1,68,06,611,2,2,5,5,7.0,7,5,1,90,128,13,117,86,580, 8, 0, 0, 0, 58,,,,2,1,2,0,178,1245,,95,,,393963,63,1141,63,,81,634,63,1,95
91WN02563, 91635243,91,63,K5243,3,68,06,603,3,3,9,8,5.0,5,4,1,90,128,17,96,79,542,12, 0, 0, 0, 62,,,,1,1,1,0,167,1093,93,21,297,,399463,63,2224,63,,75,673,63,R,0
91WN02564, 91635244,91,63,K5244,2,68,06,603,3,3,9,8,5.0,5,4,1,90,128,29,89,66,446, 9, 0, 0, 0, 50,056,,,1,1,1,0,167,1093,92,95,262,,399463,63,2224,63,,62,546,63,2,79
91WN02565, 91635245,91,63,K5245,2,68,06,603,3,3,9,8,5.0,5,4,1,90,128,7,109,80,540, 8, 0, 0, 0, 63,051,,,1,1,1,0,167,1093,92,,262,,399463,63,2224,63,,76,622,63,2,94
91WN02566, 91635246,91,63,K5246,2,68,06,611,2,2,5,5,4.0,4,4,1,90,128,22,121,90,609, 7, 0, 0, 0, 72,c-3,,,2,1,1,0,154,1178,,95,,,393963,63,3010,63,,85,673,63,1,105
91WN02567, 91635247,91,63,K5247,1,68,06,611,2,2,5,5,4.0,4,4,1,90,128,2,132,95,639, 6, 0, 0, 0, 72,,,,2,1,2,0,154,1178,,95,,,393963,63,3010,63,,90,648,63,1,101
91WN02568, 91635248,91,63,K5248,2,68,06,632,2,2,5,5,3.0,3,3,3,90,136,6,91,90,595, 0, 0, 0,+, 60,c-3,,,,1,,0,162,1238,,,,3,392563,63,3498,63,,80,653,61,1,85
91WN02569, 91635249,91,63,K5249,2,68,06,632,2,2,5,5,3.0,3,3,3,90,136,6,88,89,590, 0, 0, 0,+, 56,c-2,,,,1,,0,162,1238,,,,3,392563,63,3498,63,,80,648,61,1,91
91WN02570, 91635250,91,63,K5250,2,68,06,602,1,1,1,1,4.0,4,4,3,90,135,14,105,88,574, 0, 0, 0, 0, 64,c-2,,,,1,,0,154,1112,,,,3,403663,63,2444,63,,79,521,61,1,86
91WN02571, 91635251,91,63,K5251,1,68,06,631,2,2,5,5,2.0,2,2,1,90,128,20,123,83,552, 8, 0, 0, 0, 64,,,,4,1,1,0,184,1273,53,,280,,334663,63,4039,63,,79,614,61,R,0
91WN02572, 91635252,91,63,K5252,2,68,06,631,2,2,5,5,2.0,2,2,1,90,128,17,111,87,593, 8, 0, 0, 0, 65,c-4,,,1,1,1,0,184,1273,,95,,,334663,63,4039,63,,82,691,61,1,102
91WN02573, 91635253,91,63,K5253,2,68,06,632,1,1,1,1,5.0,5,4,1,90,128,25,105,95,660, 8, 0, 0,+, 79,c-1,,,1,1,1,0,167,1077,,,,,392563,63,1868,63,,90,608,61,1,109
91WN02574, 91635254,91,63,K5254,3,68,06,604,2,2,5,5,3.0,3,3,1,90,83,0,113,80,828, 0, 0, 0, 0, 80,,,,,1,,0,162,1097,97,95,227,,428963,63,3479,63,,111,,63,7,0
91WN02575, 91635255,91,63,K5255,2,68,06,604,2,2,5,5,3.0,3,3,1,90,128,23,108,104,728, 6, 0, 0, 0, 79,c-1,,,2,1,1,0,162,1097,,95,,,428963,63,3479,63,,98,791,63,1,117
91WN02576, 91635257,91,63,K5257,2,68,06,614,3,1,7,2,2.0,2,2,1,90,128,26,95,86,598, 6, 0, 0, 0, 70,050,,,2,1,1,0,167,897,92,04,262,,425163,63,4120,63,,81,632,60,2,102
91WN02577, 91635259,91,63,K5259,1,68,06,632,1,1,1,1,3.0,3,3,1,90,128,7,144,115,786, 7, 0, 0, 0, 93,,,,2,1,2,0,162,1268,,,,,392563,63,3470,63,,109,629,61,1,123
91WN02578, 91635260,91,63,K5260,2,68,06,614,2,2,5,6,6.0,6,4,1,90,128,33,84,82,575, 8, 0, 0,+, 67,c-4,,,2,1,1,0,144,1042,,,,,425163,63,1639,63,,77,679,60,1,97
91WN02579, 91635261,91,63,K5261,3,68,06,614,2,2,5,4,6.0,6,4,1,90,128,33,104,68,450, 7, 0, 0, 0, 64,,,,1,1,1,0,144,1042,95,,260,,425163,63,1639,63,,64,507,60,6,0
91WN02580, 91635263,91,63,K5263,2,68,06,611,2,1,3,2,4.0,4,4,1,90,128,22,85,64,434, 6, 0, 0, 0, 43,057,,,1,1,1,0,166,1082,92,,262,,393963,63,2619,63,,61,427,60,2,75
91WN02581, 91635265,91,63,K5265,3,68,06,601,3,2,8,4,6.0,6,4,1,90,128,11,105,99,691, 6, 0, 0, 0, 74,,,,2,1,1,0,174,1266,93,,281,,388463,63,1751,63,,93,730,61,3,111
91WN02582, 91635266,91,63,K5266,2,68,06,601,3,2,8,6,6.0,6,4,1,90,128,3,81,85,601, 5, 0, 0, 0, 68,c-2,,,2,1,1,0,174,1266,,,,,388463,63,1751,63,,80,680,61,1,96
91WN02583, 91635267,91,63,K5267,2,68,06,611,2,2,5,5,4.0,4,4,1,90,128,27,112,92,631, 6, 0, 0, 0, 73,c-4,,,1,1,1,0,179,1214,,95,,,393963,63,2721,63,,87,699,60,1,105
91WN02584, 91635268,91,63,K5268,2,68,06,611,2,2,5,5,4.0,4,4,1,90,128,27,118,97,666, 6, 0, 0, 0, 76,c-2,,,2,1,1,0,179,1214,,95,,,393963,63,2721,63,,92,734,60,1,113
91WN02585, 91635269,91,63,K5269,2,68,06,614,2,2,5,5,3.0,3,3,3,90,135,1,96,88,581, 0, 0, 0,+, 58,c-4,,,,1,,0,162,1018,,,,3,425163,63,3181,63,,79,634,60,1,82
91WN02586, 91635270,91,63,K5270,2,68,06,614,2,2,5,5,3.0,3,3,3,90,135,1,101,86,562, 0, 0, 0,+, 56,c-1,,,,1,,0,162,1018,,05,,3,425163,63,3181,63,,78,615,60,1,82
91WN02587, 91635271,91,63,K5271,2,68,06,613,2,2,5,5,2.0,2,2,3,90,136,12,85,85,563, 0, 0, 0, 0, 54,c-3,,,,1,,0,167,1030,,95,,3,407663,63,4182,63,,76,665,63,1,80
91WN02588, 91635272,91,63,K5272,3,68,06,613,2,2,5,5,2.0,2,2,3,90,136,1,95,70,445, 0, 0, 0, 0, 47,,,,,1,,0,167,1030,93,,281,3,407663,63,4182,63,,63,,63,3,83
91WN02589, 91635273,91,63,K5273,2,68,06,604,2,2,5,5,4.0,4,4,3,90,134,3,118,89,576, 0, 0, 0, 0, 56,c-3,,,,1,,0,166,1055,,95,,3,428963,63,2457,63,,81,631,61,1,85
91WN02590, 91635274,91,63,K5274,2,68,06,604,2,2,5,5,4.0,4,4,3,90,134,3,101,91,604, 0, 0, 0, 0, 61,c-1,,,,1,,0,166,1055,,95,,3,428963,63,2457,63,,83,659,61,1,94
91WN02591, 91635275,91,63,K5275,2,68,06,614,2,2,5,5,3.0,3,3,3,90,136,1,102,92,601, 0, 0, 0, 0, 61,,,,5,1,,0,162,1035,93,95,281,3,425163,63,3302,63,,82,655,60,3,94
91WN02592, 91635276,91,63,K5276,3,68,06,614,2,2,5,5,3.0,3,3,3,90,136,1,107,102,671, 0, 0, 0, 0, 67,,,,,1,,0,162,1035,93,,281,3,425163,63,3302,63,,91,714,60,3,101
91WN02593, 91635277,91,63,K5277,2,68,06,613,1,1,1,1,2.0,2,2,3,90,135,19,115,102,670, 0, 0, 0, 0, 74,c-1,,,,1,,0,167,924,,,,3,407663,63,4159,63,,92,659,63,1,100
91WN02594, 91635278,91,63,K5278,2,68,06,612,1,1,1,1,2.0,2,2,3,90,135,13,134,102,656, 0, 0, 0, 0, 72,c-1,,,,1,,0,150,1111,,95,,3,431263,63,4099,63,,92,640,63,1,107
91WN02595, 91635279,91,63,K5279,1,68,06,603,2,2,5,5,4.0,4,4,3,90,135,15,128,92,587, 0, 0, 0, 0, 67,,,,,1,,0,154,1058,93,95,266,3,399463,63,2602,63,,83,615,68,3,94
91WN02596, 91635280,91,63,K5280,1,68,06,603,2,2,5,5,4.0,4,4,3,90,135,15,115,90,581, 0, 0, 0, 0, 62,,,,,1,,0,154,1058,93,,266,3,399463,63,2602,63,,81,609,68,3,94
91WN02597, 91635281,91,63,K5281,2,68,06,613,2,2,5,5,5.0,5,4,3,90,136,1,73,69,454, 0, 0, 0, 0, 44,,,,,1,,0,156,1029,93,,281,3,407663,63,1966,63,,62,510,68,3,75
91WN02598, 91635282,91,63,K5282,2,68,06,613,2,2,5,5,5.0,5,4,3,90,136,1,73,78,520, 0, 0, 0, 0, 48,c-2,,,,1,,0,156,1029,,,,3,407663,63,1966,63,,70,576,68,1,79
91WN02599, 91635283,91,63,K5283,2,68,06,611,2,2,5,5,2.0,2,2,1,90,128,20,98,73,494, 6, 0, 0, 0, 59,052,,,2,1,1,0,184,1305,92,95,262,,393963,63,4088,63,,69,594,60,2,90
91WN02600, 91635284,91,63,K5284,3,68,06,611,2,2,5,5,2.0,2,2,1,90,128,20,111,85,577, 7, 0, 0, 0, 62,,,,2,1,1,0,184,1305,93,95,321,,393963,63,4088,63,,80,666,60,H,0
91WN02601, 91635285,91,63,K5285,2,68,06,632,2,2,5,5,4.0,4,4,3,90,135,5,102,80,517, 0, 0, 0,+, 57,c-4,,,,1,,0,166,1195,,95,,3,392563,63,2531,63,,72,575,61,1,79
91WN02602, 91635286,91,63,K5286,3,68,06,632,2,2,5,5,4.0,4,4,3,90,135,4,112,86,554, 0, 0, 0, 0, 56,,,,,1,,0,166,1195,93,,321,3,392563,63,2531,63,,78,600,61,H,0
91WN02603, 91635287,91,63,K5287,3,68,06,614,1,1,1,1,5.0,5,4,3,90,135,5,102,117,791, 0, 0, 0, 0, 85,,,,,1,,0,145,865,93,,281,3,425163,63,2403,63,,105,685,68,3,112
91WN02604, 91635288,91,63,K5288,3,68,06,601,2,2,5,5,3.0,3,3,1,90,128,27,99,73,493, 8, 0, 0, 0, 57,,,,2,1,1,0,177,1255,93,,297,,388463,63,3671,63,,69,549,61,R,0
91WN02605, 91635289,91,63,K5289,2,68,06,601,2,2,5,5,3.0,3,3,1,90,128,6,88,86,603, 8, 0, 0, 0, 63,c-4,,,2,1,1,0,177,1255,,21,,,388463,63,3671,63,,81,652,61,1,101
91WN02606, 91635290,91,63,K5290,2,68,06,602,1,1,1,1,3.0,3,3,1,90,128,15,124,112,778, 5, 0, 0, 0, 83,c-4,,,2,1,1,0,162,1173,,95,,,403663,63,3464,63,,106,716,63,1,121
91WN02607, 91635292,91,63,K5292,2,68,06,614,2,1,3,2,3.0,3,3,3,90,134,19,73,78,528, 0, 0, 0,+, 53,c-4,,,,1,,0,148,844,,,,3,425163,63,3545,63,,71,523,63,1,77
91WN02608, 91635293,91,63,K5293,2,68,06,632,1,1,1,1,4.0,4,4,3,91,135,1,118,90,579, 0, 0, 0,+, 70,c-3,,,,1,,0,154,1104,,,,3,392563,63,2626,63,,81,,68,1,101
91WN02609, 91635294,91,63,K5294,2,68,06,632,2,2,5,6,5.0,5,4,1,91,127,21,102,74,502, 8, 0, 0, 0, 54,054,,,1,1,1,0,167,1281,92,,262,,392563,63,2281,63,,70,594,61,2,84
91WN02610, 91635295,91,63,K5295,2,68,06,632,2,2,5,4,5.0,5,4,1,91,127,17,121,97,669, 6, 0, 0,+, 75,c-2,,,2,1,1,0,167,1281,,,,,392563,63,2281,63,,92,691,61,1,110
91WN02611, 91635296,91,63,K5296,3,68,06,604,1,1,1,1,2.0,2,2,3,91,135,10,111,106,703, 0, 0, 0, 0, 70,,,,,1,,0,167,989,93,,281,3,428963,63,4109,63,,95,638,63,3,106
91WN02612, 91635297,91,63,K5297,1,68,06,632,1,1,1,1,2.0,2,2,1,91,127,3,138,117,813, 6, 0, 0, 0, 89,,,,2,1,2,0,167,1123,,,,,392563,63,4316,63,,111,690,61,1,119
91WN02613, 91635298,91,63,K5298,2,68,06,612,2,2,5,5,3.0,3,3,7,91,135,1,137,98,624, 0, 0, 0, 0,  0,c-1,,,,1,,,162,1158,,95,,7,431263,63,3476,63,,89,,63,1,103
91WN02614, 91635299,91,63,K5299,2,68,06,612,2,2,5,5,3.0,3,3,7,91,135,1,120,84,533, 0, 0, 0, 0,  0,c-2,,,,1,,,162,1158,,95,,7,431263,63,3476,63,,76,,63,1,89
91WN02615, 91635300,91,63,K5300,2,68,06,604,1,1,1,1,2.0,2,2,1,91,127,1,110,96,669, 8, 0, 0, 0, 73,c-2,,,1,1,1,0,150,1044,,95,,,428963,63,4106,63,,91,634,61,1,106
91WN02616, 91635301,91,63,K5301,2,68,06,613,2,2,5,5,2.0,2,2,3,91,133,13,73,60,396, 0, 0, 0, 0, 37,,,,,1,,0,184,1005,93,,281,3,407663,63,3944,63,,55,495,60,3,60
91WN02617, 91635302,91,63,K5302,2,68,06,613,2,2,5,5,2.0,2,2,3,91,133,15,84,76,508, 0, 0, 0, 0, 55,c-1,,,,1,,0,184,1005,,,,3,407663,63,3944,63,,69,609,60,1,74
91WN02618, 91635303,91,63,K5303,1,68,06,612,3,2,8,5,7.0,7,5,1,91,127,22,91,77,535, 8, 0, 0, 0, 60,,,,2,1,1,0,206,1230,93,95,297,,431263,63,1112,63,,73,595,60,R,0
91WN02619, 91635304,91,63,K5304,1,68,06,612,3,2,8,5,7.0,7,5,1,91,127,10,92,82,573, 6, 0, 0, 0, 64,,,,2,1,1,0,206,1230,93,,297,,431263,63,1112,63,,78,623,60,R,0
91WN02620, 91635306,91,63,K5306,2,68,06,631,1,1,1,1,2.0,2,2,1,91,127,4,120,107,748, 8, 0, 0, 0, 82,c-2,,,2,1,1,0,150,1123,,95,,,334663,63,3830,63,,102,715,61,1,117
91WN02621, 91635307,91,63,K5307,1,68,06,601,2,1,3,2,5.0,5,4,1,91,127,28,115,99,689, 7, 0, 0, 0, 76,,,,2,1,2,0,189,1131,93,,266,,388463,63,2005,63,,94,553,61,3,115
91WN02622, 91635309,91,63,K5309,1,68,06,612,2,2,5,5,4.0,4,4,1,91,127,1,118,69,450, 8, 0, 0, 0, 59,,,,2,1,1,0,166,1208,93,95,297,,431263,63,2868,63,,66,457,60,R,0
91WN02623, 91635310,91,63,K5310,2,68,06,612,2,2,5,5,4.0,4,4,1,91,127,13,128,52,309, 7, 0, 0, 0, 36,,,,1,1,1,0,166,1208,93,95,281,,431263,63,2868,63,,50,365,60,3,59
91WN02624, 91635312,91,63,K5312,2,68,06,634,1,1,1,1,2.0,2,2,1,91,127,8,139,98,662,10, 0, 0, 0, 80,c-1,,,2,1,1,0,150,1037,,,,,422863,63,4185,63,,93,632,68,1,110
91WN02625, 91635313,91,63,K5313,1,68,06,611,2,1,3,2,5.0,5,4,1,91,127,12,132,122,857, 5, 0, 0, 0, 95,,,,1,1,1,0,178,1099,,95,,,393963,63,1883,63,,116,708,60,1,134
91WN02626, 91635315,91,63,K5315,3,68,06,612,2,1,3,2,5.0,5,4,1,91,127,10,87,87,617, 7, 0, 0, 0, 60,,,,2,1,1,0,156,1119,93,,321,,431263,63,1919,63,,83,570,63,H,0
91WN02627, 91635317,91,63,K5317,1,68,06,611,2,2,5,5,5.0,5,4,1,91,127,26,123,98,675, 6, 0, 0, 0, 79,,,,2,1,1,0,167,1201,,,,,393963,63,2067,63,,93,703,60,1,108
91WN02628, 91635318,91,63,K5318,1,68,06,611,2,2,5,5,5.0,5,4,1,91,127,8,124,88,595, 8, 0, 0, 0, 64,,,,1,1,1,0,167,1201,93,95,266,,393963,63,2067,63,,84,608,60,3,98
91WN02629, 91635319,91,63,K5319,2,68,06,613,1,1,1,1,3.0,3,3,1,91,127,8,95,88,618, 7, 0, 0, 0, 61,c-2,,,1,1,1,0,134,855,,95,,,407663,63,3688,63,,84,549,63,1,101
91WN02630, 91635320,91,63,K5320,3,68,06,602,2,2,5,5,2.0,2,2,3,91,133,8,120,78,496, 0, 0, 0, 0, 59,,,,,1,,0,167,1208,93,,297,3,403663,63,3914,63,,72,580,68,R,0
91WN02631, 91635321,91,63,K5321,3,68,06,602,2,2,5,5,2.0,2,2,3,91,133,10,120,77,489, 0, 0, 0, 0, 61,,,,,1,,0,167,1208,93,95,321,3,403663,63,3914,63,,71,575,68,H,0
91WN02632, 91635322,91,63,K5322,1,68,06,612,2,2,5,5,5.0,5,4,3,91,135,13,123,99,642, 0, 0, 0, 0, 68,,,,,1,,0,167,1168,93,,266,3,431263,63,1949,63,,89,668,60,3,99
91WN02633, 91635323,91,63,K5323,2,68,06,612,2,2,5,5,5.0,5,4,3,91,135,13,108,87,564, 0, 0, 0, 0, 59,c-1,,,,1,,0,167,1168,,21,,3,431263,63,1949,63,,79,629,60,1,86
91WN02634, 91635324,91,63,K5324,3,68,06,614,3,1,7,2,2.0,2,2,3,91,135,3,82,100,680, 0, 0, 0, 0, 62,,,,,1,,0,200,1081,93,,281,3,425163,63,4102,63,,90,674,60,3,88
91WN02635, 91635327,91,63,K5327,3,68,06,633,1,1,1,1,2.0,2,2,3,91,133,3,111,97,646, 0, 0, 0, 0, 70,,,,,1,,0,150,1000,93,,281,3,398563,63,4278,63,,89,573,60,3,95
91WN02636, 91635328,91,63,K5328,3,68,06,603,2,2,5,5,2.0,2,2,3,91,133,19,123,89,577, 0, 0, 0, 0, 65,,,,,1,,0,184,1178,93,,281,3,399463,63,4261,63,,82,670,61,3,92
91WN02637, 91635329,91,63,K5329,2,68,06,603,2,2,5,5,2.0,2,2,3,91,133,20,118,92,603, 0, 0, 0,+, 63,c-1,,,,1,,0,184,1178,,,,3,399463,63,4261,63,,84,708,61,1,91
91WN02638, 91635330,91,63,K5330,2,68,06,631,2,2,5,5,4.0,4,4,1,91,127,19,108,102,718, 7, 0, 0, 0, 75,c-2,,,2,1,1,0,191,1312,,,,,334663,63,2552,63,,97,779,61,1,113
91WN02639, 91635331,91,63,K5331,2,68,06,631,2,2,5,5,4.0,4,4,1,91,127,16,106,86,594, 7, 0, 0, 0, 65,c-1,,,2,1,1,0,191,1312,,95,,,334663,63,2552,63,,82,652,61,1,105
91WN02640, 91635332,91,63,K5332,2,68,06,604,1,1,1,1,4.0,4,4,3,91,135,10,128,80,498, 0, 0, 0, 0, 55,c-4,,,,1,,0,141,980,,95,,3,428963,63,2723,63,,73,442,63,1,87
91WN02641, 91635333,91,63,K5333,3,68,06,632,1,1,1,1,3.0,3,3,3,91,133,14,133,95,614, 0, 0, 0, 0, 66,,,,5,1,,0,148,1039,93,16,281,3,392563,63,3683,63,,87,511,61,3,98
91WN02642, 91635334,91,63,K5334,2,68,06,631,2,2,5,5,5.0,5,4,1,91,127,29,118,104,726, 7, 0, 0, 0, 73,c-4,,,2,1,1,0,167,1192,,21,,,334663,63,1971,63,,99,795,60,1,121
91WN02643, 91635335,91,63,K5335,3,68,06,631,2,2,5,5,5.0,5,4,1,91,127,26,112,71,471,12, 0, 0, 0, 56,,,,1,1,1,0,167,1192,93,14,297,,334663,63,1971,63,,68,526,60,R,0
91WN02644, 91635337,91,63,K5337,3,68,06,633,2,1,3,2,3.0,3,3,3,91,133,10,87,85,574, 0, 0, 0, 0, 57,,,,,1,,0,162,1000,93,,321,3,398563,63,3219,63,,78,532,60,H,0
91WN02645, 91635338,91,63,K5338,2,68,06,604,2,2,5,5,3.0,3,3,3,91,135,10,76,96,655, 0, 0, 0, 0, 57,c-3,,,,1,,0,162,1129,,,,3,428963,63,3438,63,,86,715,61,1,100
91WN02646, 91635339,91,63,K5339,3,68,06,604,2,2,5,5,3.0,3,3,3,91,135,5,87,75,491, 0, 0, 0, 0, 50,,,,,1,,0,162,1129,93,95,321,3,428963,63,3438,63,,68,536,61,H,0
91WN02647, 91635340,91,63,K5340,3,68,06,611,2,2,5,6,5.0,5,4,1,91,127,16,86,85,602, 8, 0, 0, 0, 60,,,,2,1,1,0,178,1154,93,,321,,393963,63,1980,63,,81,731,60,H,0
91WN02648, 91635341,91,63,K5341,3,68,06,611,2,2,5,4,5.0,5,4,1,91,127,23,104,88,611, 9, 0, 0, 0, 66,,,,2,1,1,0,178,1154,93,,321,,393963,63,1980,63,,84,658,60,H,0
91WN02649, 91635342,91,63,K5342,3,68,06,632,2,2,5,5,3.0,3,3,3,91,133,2,118,101,671, 0, 0, 0, 0, 66,,,,,1,,0,177,1263,93,95,281,3,392563,63,3340,63,,92,711,60,3,104
91WN02650, 91635343,91,63,K5343,3,68,06,632,2,2,5,5,3.0,3,3,3,91,133,5,122,93,608, 0, 0, 0, 0, 59,,,,,1,,0,177,1263,93,95,281,3,392563,63,3340,63,,85,651,60,3,96
91WN02651, 91635344,91,63,K5344,1,68,06,634,2,2,5,3,3.0,3,3,3,91,135,13,128,108,705, 0, 0, 0, 0, 65,,,,,1,,0,148,1095,,,,3,422863,63,3457,63,,97,674,61,1,115
91WN02652, 91635345,91,63,K5345,2,68,06,634,2,2,5,7,3.0,3,3,3,91,135,1,93,85,561, 0, 0, 0, 0, 60,c-2,,,,1,,0,148,1095,,95,,3,422863,63,3457,63,,77,,61,1,91
91WN02653, 91635346,91,63,K5346,2,68,06,632,3,3,9,8,4.0,4,4,1,92,126,21,112,88,610, 8, 0, 0,+, 65,c-2,,,1,1,2,0,191,1331,,95,,,392563,63,2715,63,,84,701,60,1,97
91WN02654, 91635347,91,63,K5347,1,68,06,632,3,3,9,8,4.0,4,4,1,92,126,15,85,76,536,10, 0, 0, 0, 58,,,,2,1,1,0,191,1331,93,,297,,392563,63,2715,63,,73,649,60,R,0
91WN02655, 91635348,91,63,K5348,1,68,06,632,3,3,9,8,4.0,4,4,1,92,126,24,72,55,379, 7, 0, 0, 0, 46,,,,2,1,1,0,191,1331,93,,266,,392563,63,2715,63,,53,499,60,3,67
91WN02656, 91635349,91,63,K5349,2,68,06,634,2,2,5,5,5.0,5,4,3,92,132,4,123,65,399, 0, 0, 0, 0, 47,,,,,1,,0,178,1055,93,95,281,3,422863,63,1942,63,,60,452,60,3,70
91WN02657, 91635350,91,63,K5350,2,68,06,634,2,2,5,5,5.0,5,4,3,92,132,5,128,75,471, 0, 0, 0, 0, 42,c-2,,,,1,,0,178,1055,,95,,3,422863,63,1942,63,,69,525,60,1,78
91WN02658, 91635351,91,63,K5351,2,68,06,611,2,2,5,5,3.0,3,3,1,92,126,24,112,93,649, 9, 0, 0, 0, 68,c-3,,,2,1,1,0,162,1257,,,,,393963,63,3463,63,,89,711,60,1,107
91WN02659, 91635352,91,63,K5352,2,68,06,611,2,2,5,5,3.0,3,3,1,92,126,33,128,86,581, 8, 0, 0, 0, 68,c-1,,,2,1,1,0,162,1257,,,,,393963,63,3463,63,,83,650,60,1,103
91WN02660, 91635353,91,63,K5353,3,68,06,611,1,1,1,1,4.0,4,4,1,92,126,1,104,107,767, 6, 0, 0, 0, 75,,,,1,1,1,0,179,1099,93,,281,,393963,63,2970,63,,102,647,63,3,117
91WN02661, 91635354,91,63,K5354,2,68,06,612,2,2,5,4,2.0,2,2,1,92,126,34,100,80,556, 8, 0, 0, 0, 64,c-2,,,2,1,1,0,184,1303,,,,,431263,63,4181,63,,77,629,68,1,94
91WN02662, 91635355,91,63,K5355,2,68,06,612,2,2,5,6,2.0,2,2,1,92,126,5,82,66,459, 5, 0, 0, 0, 52,055,,,1,1,1,0,184,1303,92,,262,,431263,63,4181,63,,63,574,68,2,80
91WN02663, 91635356,91,63,K5356,2,68,06,602,3,2,8,3,7.0,7,5,1,92,126,23,121,86,587, 7, 0, 0, 0, 69,c-2,,,2,1,1,0,187,1317,,,,,403663,63,0778,63,,82,649,61,1,102
91WN02664, 91635357,91,63,K5357,2,68,06,602,3,2,8,7,7.0,7,5,1,92,126,10,75,60,417, 7, 0, 0, 0, 41,057,,,2,1,1,0,187,1317,92,,262,,403663,63,0778,63,,58,534,61,2,71
91WN02665, 91635358,91,63,K5358,3,68,06,602,3,1,7,2,7.0,7,5,1,92,126,13,106,92,646, 8, 0, 0, 0, 74,,,,1,1,1,0,187,1317,93,,281,,403663,63,0778,63,,88,636,61,*,103
91WN02666, 91635360,91,63,K5360,2,68,06,612,2,1,3,2,6.0,6,4,1,92,126,17,124,103,719, 7, 0, 0, 0, 76,c-2,,,4,1,1,0,154,1118,,95,,,431263,63,1536,63,,99,705,60,1,108
91WN02667, 91635361,91,63,K5361,2,68,06,631,2,2,5,5,5.0,5,4,1,92,126,32,120,83,563, 7, 0, 0, 0, 69,c-4,,,2,1,1,0,167,1248,,,,,334663,63,2265,63,,80,633,68,1,101
91WN02668, 91635362,91,63,K5362,2,68,06,631,2,2,5,5,5.0,5,4,1,92,126,34,137,86,574, 7, 0, 0, 0, 69,c-1,,,1,1,1,0,167,1248,,95,,,334663,63,2265,63,,83,646,68,1,98
91WN02669, 91635363,91,63,K5363,2,68,06,601,2,1,3,2,4.0,4,4,1,92,126,27,110,81,556, 8, 0, 0, 0, 62,PPL,,,2,1,1,0,166,1123,93,22,256,,388463,63,2762,63,,78,551,61,5,93
91WN02670, 91635367,91,63,K5367,3,68,06,634,2,2,5,5,2.0,2,2,3,92,134,1,112,87,566, 0, 0, 0, 0, 56,,,,,1,,0,167,1178,93,95,281,3,422863,63,4371,63,,79,646,61,3,85
91WN02671, 91635368,91,63,K5368,3,68,06,634,2,2,5,5,2.0,2,2,3,92,134,2,98,89,591, 0, 0, 0, 0, 59,,,,,1,,0,167,1178,97,06,268,3,422863,63,4371,63,,81,672,61,7,0
91WN02672, 91635369,91,63,K5369,2,68,06,613,2,2,5,5,4.0,4,4,1,92,126,13,100,85,595, 7, 0, 0, 0, 63,c-3,,,2,1,1,0,141,1018,,95,,,407663,63,2440,63,,81,649,68,1,102
91WN02673, 91635370,91,63,K5370,1,68,06,613,2,2,5,5,4.0,4,4,1,92,126,1,110,94,659, 8, 0, 0, 0, 69,,,,2,1,1,0,141,1018,93,,266,,407663,63,2440,63,,90,665,68,3,99
91WN02674, 91635372,91,63,K5372,3,68,06,614,1,1,1,1,3.0,3,3,3,92,134,12,133,100,647, 0, 0, 0, 0, 66,,,,,1,,0,148,1015,93,,281,3,425163,63,3131,63,,91,543,60,3,103
91WN02675, 91635375,91,63,K5375,3,68,06,631,1,2,3,5,3.0,3,3,1,92,126,5,108,97,684,10, 0, 0, 0, 70,,,,4,1,1,0,177,1327,93,95,281,,334663,63,3221,63,,93,719,61,3,117
91WN02676, 91635376,91,63,K5376,1,68,06,602,2,2,5,6,4.0,4,4,1,92,126,19,98,72,494,11, 0, 0, 0, 52,,,,2,1,1,0,154,1127,93,,297,,403663,63,2540,63,,69,610,63,R,0
91WN02677, 91635377,91,63,K5377,1,68,06,602,2,2,5,4,4.0,4,4,1,92,126,27,121,86,587, 7, 0, 0, 0, 64,,,,2,1,1,0,154,1127,93,95,321,,403663,63,2540,63,,82,559,63,H,0
91WN02678, 91635378,91,63,K5378,3,68,06,632,3,1,7,2,3.0,3,3,1,92,126,34,85,71,496,10, 0, 0, 0, 56,,,,2,1,3,0,205,1421,93,,297,,392563,63,3572,63,,68,466,60,R,0
91WN02679, 91635379,91,63,K5379,1,68,06,632,3,2,8,5,3.0,3,3,1,92,126,11,118,98,684, 8, 0, 0, 0, 76,,,,2,1,1,0,205,1421,,,,,392563,63,3572,63,,94,697,60,1,108
91WN02680, 91635380,91,63,K5380,1,68,06,632,3,2,8,5,3.0,3,3,1,92,126,11,118,85,581, 7, 0, 0, 0, 59,,,,2,1,1,0,205,1421,93,,266,,392563,63,3572,63,,82,594,60,3,96
91WN02681, 91635381,91,63,K5381,1,68,06,631,3,2,8,5,5.0,5,4,1,92,126,24,72,87,633, 8, 0, 0, 0, 64,,,,2,1,1,0,200,1182,,,,,334663,63,1869,63,,83,658,61,1,98
91WN02682, 91635382,91,63,K5382,2,68,06,631,3,1,7,2,5.0,5,4,1,92,126,21,94,82,576, 7, 0, 0, 0, 63,c-1,,,2,1,1,0,200,1182,,95,,,334663,63,1869,63,,79,566,61,1,89
91WN02683, 91635383,91,63,K5383,3,68,06,631,3,1,7,2,5.0,5,4,3,92,132,10,88,90,615, 0, 0, 0, 0, 67,,,,,1,,0,200,1182,93,,281,,334663,63,1869,63,,83,574,61,3,85
91WN02684, 91635384,91,63,K5384,1,68,06,612,2,1,3,2,4.0,4,4,1,92,126,20,104,112,806, 8, 0, 0, 0, 82,,,,2,1,2,0,154,1074,,,,,431263,63,2461,63,,107,663,60,1,119
91WN02685, 91635386,91,63,K5386,1,68,06,611,2,2,5,5,2.0,2,2,1,92,126,8,78,77,549, 6, 0, 0, 0, 49,,,,2,1,1,0,167,1169,93,,297,,393963,63,3958,63,,74,598,63,R,0
91WN02686, 91635387,91,63,K5387,1,68,06,611,2,2,5,5,2.0,2,2,1,92,126,22,84,78,552, 7, 0, 0, 0, 55,,,,1,1,1,0,167,1169,93,,297,,393963,63,3958,63,,75,613,63,R,0
91WN02687, 91635388,91,63,K5388,2,68,06,603,2,2,5,5,7.0,7,5,1,92,126,16,112,79,538, 6, 0, 0, 0, 58,051,,,2,1,1,0,142,1016,92,,262,,399463,63,0763,63,,76,630,63,2,93
91WN02688, 91635389,91,63,K5389,2,68,06,603,2,2,5,5,7.0,7,5,1,92,128,1,112,73,483, 0, 0, 0, 0, 63,OUT,,,,1,,0,142,1016,97,57,249,,399463,63,0763,63,,69,565,63,3,0
91WN02689, 91635390,91,63,K5390,3,68,06,631,1,1,1,1,5.0,5,4,1,93,125,26,130,101,704, 8, 0, 0, 0, 76,,,,2,1,1,0,156,1167,93,,281,,334663,63,2016,63,,97,604,60,3,117
91WN02690, 91635391,91,63,K5391,3,68,06,603,1,1,1,1,5.0,5,4,1,93,125,8,118,94,658, 6, 0, 0, 0, 69,,,,8,1,1,0,145,948,93,,281,,399463,63,1848,63,,91,543,61,3,106
91WN02691, 91635392,91,63,K5392,2,68,06,611,2,2,5,7,3.0,3,3,1,93,125,24,86,81,579, 6, 0, 0, 0, 60,c-4,,,2,1,1,0,177,1396,,95,,,393963,63,3128,63,,78,670,60,1,98
91WN02692, 91635393,91,63,K5393,2,68,06,611,2,2,5,3,3.0,3,3,1,93,125,34,118,84,578, 8, 0, 0, 0, 65,c-2,,,1,1,1,0,177,1396,,95,,,393963,63,3128,63,,81,610,60,1,103
91WN02693, 91635395,91,63,K5395,3,68,06,614,2,1,3,2,2.0,2,2,1,93,125,21,120,101,712, 8, 0, 0, 0, 79,,,,2,1,1,0,167,931,93,,281,,425163,63,4231,63,,97,709,60,3,120
91WN02694, 91635396,91,63,K5396,3,68,06,631,2,2,5,5,7.0,7,5,1,93,125,23,113,80,550, 8, 0, 0, 0, 57,,,,2,1,1,0,160,1204,04,21,231,,334663,63,0996,63,,77,636,60,6,0
91WN02695, 91635397,91,63,K5397,3,68,06,631,2,2,5,5,7.0,7,5,1,93,125,35,119,82,561,11, 0, 0, 0, 62,,,,2,1,1,0,160,1204,93,95,321,,334663,63,0996,63,,79,657,60,H,0
91WN02696, 91635398,91,63,K5398,2,68,06,632,3,2,8,6,5.0,5,4,1,93,125,21,77,71,506, 6, 0, 0, 0, 48,056,,,2,1,1,0,200,1263,92,,262,,392563,63,1923,63,,68,596,68,2,80
91WN02697, 91635399,91,63,K5399,2,68,06,632,3,2,8,4,5.0,5,4,1,93,125,15,98,81,570, 6, 0, 0,+, 59,c-1,,,2,1,1,0,200,1263,,,,,392563,63,1923,63,,78,588,68,1,95
91WN02698, 91635400,91,63,K5400,3,68,06,632,3,1,7,2,5.0,5,4,1,93,125,28,77,88,642, 6, 0, 0, 0, 65,,,,2,1,2,0,200,1263,93,,321,,392563,63,1923,63,,85,608,68,H,0
91WN02699, 91635402,91,63,K5402,2,68,06,602,3,2,8,5,4.0,4,4,1,93,125,22,114,59,381, 9, 0, 0, 0, 47,057,,,2,1,1,0,179,1176,92,,262,,403663,63,2570,63,,57,442,63,2,77
91WN02700, 91635403,91,63,K5403,2,68,06,602,3,2,8,5,4.0,4,4,1,93,125,32,108,89,626, 6, 0, 0, 0, 77,c-4,,,2,1,1,0,179,1176,,95,,,403663,63,2570,63,,86,695,63,1,106
91WN02701, 91635405,91,63,K5405,2,68,06,603,3,2,8,6,7.0,7,5,1,93,125,25,101,76,527, 9, 0, 0, 0, 56,051,,,2,1,1,0,151,1112,92,95,262,,399463,63,1142,63,,73,656,63,2,92
91WN02702, 91635406,91,63,K5406,1,68,06,603,3,2,8,4,7.0,7,5,1,93,125,16,133,91,622, 8, 0, 0, 0, 67,,,,2,1,1,0,151,1112,93,95,266,,399463,63,1142,63,,88,619,63,3,96
91WN02703, 91635407,91,63,K5407,1,68,06,611,1,1,1,1,7.0,7,5,1,93,125,10,134,114,805, 6, 0, 0, 0, 88,,,,2,1,1,0,160,1123,,,,,393963,63,1147,63,,110,684,60,1,126
91WN02704, 91635408,91,63,K5408,1,68,06,632,2,2,5,5,5.0,5,4,1,93,125,2,130,96,664, 5, 0, 0, 0, 65,,,,2,1,1,0,200,1319,,,,,392563,63,1884,63,,93,670,60,1,101
91WN02705, 91635409,91,63,K5409,1,68,06,632,2,2,5,5,5.0,5,4,1,93,125,12,122,83,566, 6, 0, 0, 0, 67,,,,2,1,2,0,200,1319,93,,266,,392563,63,1884,63,,80,580,60,3,89
91WN02706, 91635410,91,63,K5410,1,68,06,603,1,1,1,1,5.0,5,4,3,93,132,11,134,104,686, 0, 0, 0, 0, 75,,,,,1,,0,145,1001,93,,266,3,399463,63,2232,63,,96,538,63,3,106
91WN02707, 91635411,91,63,K5411,2,68,06,611,1,1,1,1,2.0,2,2,1,93,125,3,103,99,710, 6, 0, 0, 0, 75,c-4,,,1,1,1,0,167,1206,,,,,393963,63,3867,63,,95,674,68,1,110
91WN02708, 91635412,91,63,K5412,2,68,06,604,2,1,3,2,2.0,2,2,3,93,132,1,100,100,682, 0, 0, 0, 0, 64,c-2,,,,1,,0,167,1072,,95,,3,428963,63,3974,63,,92,699,61,1,96
91WN02709, 91635416,91,63,K5416,1,68,06,633,2,2,5,5,2.0,2,2,3,93,132,13,132,74,461, 0, 0, 0, 0, 44,,,,,1,,0,150,1021,93,,297,3,398563,63,4311,63,,68,521,60,R,0
91WN02710, 91635417,91,63,K5417,2,68,06,633,2,2,5,5,2.0,2,2,3,93,132,14,114,76,489, 0, 0, 0, 0, 52,c-4,,,,1,,0,150,1021,,95,,3,398563,63,4311,63,,70,588,60,1,75
91WN02711, 91635418,91,63,K5418,1,68,06,613,2,2,5,5,5.0,5,4,3,93,132,7,127,79,502, 0, 0, 0, 0, 61,,,,,1,,0,134,897,93,,297,3,407663,63,2253,63,,73,520,68,R,0
91WN02712, 91635419,91,63,K5419,2,68,06,613,2,2,5,5,5.0,5,4,3,93,132,6,112,72,461, 0, 0, 0, 0, 57,,,,,1,,0,134,897,93,95,281,3,407663,63,2253,63,,66,516,68,3,71
91WN02713, 91635420,91,63,K5420,2,68,06,612,2,2,5,5,6.0,6,4,3,93,132,5,119,85,554, 0, 0, 0, 0, 60,c-4,,,,1,,0,184,1136,,,,3,431263,63,1336,63,,78,608,63,1,81
91WN02714, 91635421,91,63,K5421,3,68,06,612,2,2,5,5,6.0,6,4,3,93,132,5,133,84,536, 0, 0, 0, 0, 62,,,,,1,,0,184,1136,93,,321,3,431263,63,1336,63,,78,579,63,H,0
91WN02715, 91635422,91,63,K5422,2,68,06,613,2,2,5,5,6.0,6,4,3,93,132,14,121,88,575, 0, 0, 0, 0, 57,c-1,,,,1,,0,144,1099,,95,,3,407663,63,1468,63,,81,637,60,1,84
91WN02716, 91635423,91,63,K5423,2,68,06,613,2,2,5,5,6.0,6,4,3,93,132,14,125,89,580, 0, 0, 0, 0, 57,,,,,3,,0,144,1099,93,02,281,3,407663,63,1468,63,,82,642,60,3,90
91WN02717, 91635424,91,63,K5424,2,68,06,601,3,3,9,8,7.0,7,5,1,93,125,21,93,76,534, 5, 0, 0, 0, 55,052,,,2,1,1,0,169,1369,92,,262,,388463,63,1172,63,,73,659,63,2,91
91WN02718, 91635425,91,63,K5425,2,68,06,601,3,3,9,8,7.0,7,5,1,93,125,6,98,63,426, 6, 0, 0, 0, 57,057,,,1,1,1,0,169,1369,92,95,262,,388463,63,1172,63,,61,539,63,2,70
91WN02719, 91635426,91,63,K5426,1,68,06,601,3,3,9,8,7.0,7,5,1,93,125,15,98,64,434, 7, 0, 0, 0, 46,,,,2,1,2,0,169,1369,93,95,297,,388463,63,1172,63,,62,581,63,R,0
91WN02720, 91635428,91,63,K5428,2,68,06,604,3,2,8,5,5.0,5,4,1,93,125,2,95,72,500, 6, 0, 0, 0, 54,056,,,1,1,1,0,167,1058,92,95,262,,428963,63,1865,63,,70,544,63,2,80
91WN02721, 91635429,91,63,K5429,3,68,06,604,3,2,8,5,5.0,5,4,1,93,125,24,99,73,505, 6, 0, 0, 0, 58,,,,1,1,1,0,167,1058,93,,297,,428963,63,1865,63,,70,556,63,R,0
91WN02722, 91635430,91,63,K5430,2,68,06,603,2,2,5,5,2.0,2,2,3,93,80,0,88,44,440, 0, 0, 0, 0, 44,,,,,1,,0,167,1139,97,,227,3,399463,63,4010,63,,62,,61,7,0
91WN02723, 91635431,91,63,K5431,3,68,06,603,2,2,5,5,2.0,2,2,3,93,132,4,87,58,373, 0, 0, 0, 0, 38,,,,,1,,0,167,1139,93,,281,3,399463,63,4010,63,,54,453,61,3,60
91WN02724, 91635432,91,63,K5432,2,68,06,634,1,1,1,1,4.0,4,4,3,93,131,15,78,73,498, 0, 0, 0, 0, 58,,,,,1,,0,166,838,10,,228,3,422863,63,2776,63,,68,441,61,6,0
91WN02725, 91635433,91,63,K5433,3,68,06,612,2,2,5,4,4.0,4,4,2,93,126,20,110,75,508, 8, 0, 0, 0, 48,,,,2,1,2,0,154,1181,93,14,297,,431263,63,2470,63,,72,539,60,R,0
91WN02726, 91635434,91,63,K5434,3,68,06,612,2,2,5,6,4.0,4,4,2,93,126,15,93,62,418, 8, 0, 0, 0, 42,,,,2,1,1,0,154,1181,97,,249,,431263,63,2470,63,,59,532,60,*,0
91WN02727, 91635436,91,63,K5436,2,68,06,604,2,2,5,4,6.0,6,4,1,93,125,28,127,84,570, 6, 0, 0, 0, 64,050,,,1,1,1,0,124,978,92,,262,,428963,63,1723,63,,81,599,68,2,98
91WN02728, 91635437,91,63,K5437,2,68,06,604,2,2,5,6,6.0,6,4,1,93,125,33,100,94,672, 6, 0, 0, 0, 70,c-4,,,1,1,1,0,124,978,,,,,428963,63,1723,63,,91,772,68,1,113
91WN02729, 91635438,91,63,K5438,3,68,06,613,1,1,1,1,3.0,3,3,3,93,133,8,141,118,781, 0, 0, 0, 0, 79,,,,,1,,0,148,1050,93,,281,3,407663,63,3269,63,,108,673,60,3,126
91WN02730, 91635440,91,63,K5440,1,68,06,604,2,1,3,2,6.0,6,4,3,94,132,14,114,109,739, 0, 0, 0, 0, 67,,,,,1,,0,154,972,93,,266,3,428963,63,1656,63,,100,597,61,3,109
91WN02731, 91635441,91,63,K5441,2,68,06,604,1,1,1,1,2.0,2,2,3,94,131,15,156,96,614, 0, 0, 0, 0, 61,c-3,,,,1,,0,150,1044,,95,,3,428963,63,4365,63,,89,594,63,1,96
91WN02732, 91635442,91,63,K5442,1,68,06,602,1,1,1,1,4.0,4,4,1,94,124,15,140,112,790, 4, 0, 0, 0, 83,,,,2,1,2,0,166,1274,,,,,403663,63,2733,63,,109,636,61,1,122
91WN02733, 91635443,91,63,K5443,1,68,06,631,2,2,5,5,2.0,2,2,2,94,125,2,108,88,618, 8, 0, 0, 0, 68,,,,2,1,1,0,167,1280,93,,266,,334663,63,4043,63,,85,648,68,3,96
91WN02734, 91635444,91,63,K5444,1,68,06,631,2,2,5,5,2.0,2,2,2,94,125,4,105,99,708, 8, 0, 0, 0, 69,,,,2,1,1,0,167,1280,,,,,334663,63,4043,63,,95,740,68,1,102
91WN02735, 91635445,91,63,K5445,2,68,06,601,2,2,5,5,3.0,3,3,2,94,125,10,116,85,587, 8, 0, 0, 0, 63,c-4,,,2,1,1,0,191,1376,,95,,,388463,63,3285,63,,82,623,61,1,96
91WN02736, 91635446,91,63,K5446,1,68,06,601,2,2,5,5,3.0,3,3,2,94,125,5,114,94,661, 9, 0, 0, 0, 70,,,,2,1,1,0,191,1376,,,,,388463,63,3285,63,,91,655,61,1,97
91WN02737, 91635447,91,63,K5447,1,68,06,602,2,2,5,3,6.0,6,4,2,94,125,20,141,101,695, 5, 0, 0, 0, 78,,,,1,1,1,0,194,1275,,95,,,403663,63,1582,63,,98,647,63,1,116
91WN02738, 91635448,91,63,K5448,2,68,06,602,2,2,5,7,6.0,6,4,2,94,125,28,102,78,542, 7, 0, 0, 0, 61,c-4,,,2,1,1,0,194,1275,,95,,,403663,63,1582,63,,75,625,63,1,92
91WN02739, 91635449,91,63,K5449,3,68,06,631,2,2,5,5,3.0,3,3,2,94,125,17,99,78,545, 9, 0, 0, 0, 59,,,,2,1,1,0,162,1212,93,,297,,334663,63,3503,63,,75,576,60,R,0
91WN02740, 91635450,91,63,K5450,2,68,06,631,2,2,5,5,3.0,3,3,2,94,125,23,96,77,539, 9, 0, 0, 0, 58,053,,,2,1,1,0,162,1212,92,95,262,,334663,63,3503,63,,74,586,60,2,86
91WN02741, 91635451,91,63,K5451,2,68,06,604,2,1,3,2,4.0,4,4,2,94,125,21,92,86,614,10, 0, 0, 0, 61,050,,,1,1,1,0,154,819,92,,262,,428963,63,2516,63,,83,590,63,2,96
91WN02742, 91635455,91,63,K5455,1,68,06,601,3,1,7,2,3.0,3,3,1,94,124,1,111,120,878, 5, 0, 0, 0, 88,,,,2,1,1,0,177,1107,,,,,388463,63,3537,63,,116,715,61,1,125
91WN02743, 91635456,91,63,K5456,1,68,06,633,2,2,5,5,5.0,5,4,3,94,131,13,118,89,589, 0, 0, 0, 0, 62,,,,,1,,0,145,923,93,,266,3,398563,63,1809,63,,83,610,61,3,93
91WN02744, 91635457,91,63,K5457,1,68,06,633,2,2,5,5,5.0,5,4,3,94,131,12,132,81,518, 0, 0, 0, 0, 57,,,,,1,,0,145,923,93,,297,3,398563,63,1809,63,,75,538,61,R,0
91WN02745, 91635458,91,63,K5458,2,68,06,611,2,2,5,5,2.0,2,2,2,94,125,20,85,75,532, 8, 0, 0, 0, 55,052,,,1,1,1,0,167,1229,92,21,262,,393963,63,3885,63,,72,616,60,2,89
91WN02746, 91635459,91,63,K5459,3,68,06,611,2,2,5,5,2.0,2,2,2,94,125,1,97,76,530, 7, 0, 0, 0, 52,,,,1,1,2,0,167,1229,93,95,297,,393963,63,3885,63,,73,587,60,R,0
91WN02747, 91635460,91,63,K5460,1,68,06,631,1,1,1,1,2.0,2,2,1,94,124,6,132,117,837, 9, 0, 0, 0, 88,,,,1,1,1,0,150,1137,,95,,,334663,63,3835,63,,114,713,60,1,126
91WN02748, 91635462,91,63,K5462,3,68,06,604,1,1,1,1,3.0,3,3,3,94,130,5,128,107,725, 0, 0, 0, 0, 67,,,,,1,,0,134,923,93,,281,3,428963,63,3136,63,,100,611,63,3,111
91WN02749, 91635463,91,63,K5463,1,68,06,631,2,2,5,5,4.0,4,4,2,94,125,2,135,115,812, 8, 0, 0, 0, 85,,,,2,1,1,0,166,1263,,,,,334663,63,2514,63,,111,805,61,1,126
91WN02750, 91635464,91,63,K5464,2,68,06,631,2,2,5,5,4.0,4,4,2,94,125,5,126,83,563, 9, 0, 0, 0, 62,c-2,,,2,1,1,0,166,1263,,21,,,334663,63,2514,63,,80,597,61,1,99
91WN02751, 91635465,91,63,K5465,3,68,06,634,2,2,5,6,2.0,2,2,2,94,125,18,84,70,493,12, 0, 0, 0, 53,,,,2,1,1,0,167,1213,93,95,297,,422863,63,3898,63,,68,646,61,R,0
91WN02752, 91635466,91,63,K5466,2,68,06,634,2,2,5,4,2.0,2,2,2,94,125,15,99,82,577, 8, 0, 0, 0, 62,c-3,,,2,1,1,0,167,1213,,95,,,422863,63,3898,63,,79,620,61,1,91
91WN02753, 91635467,91,63,K5467,3,68,06,604,2,2,5,5,3.0,3,3,3,94,130,10,103,89,605, 0, 0, 0, 0, 65,,,,,1,,0,162,1169,93,95,281,3,428963,63,3660,63,,83,648,61,3,93
91WN02754, 91635468,91,63,K5468,3,68,06,604,2,2,5,5,3.0,3,3,3,94,130,8,108,82,548, 0, 0, 0, 0, 59,,,,,1,,0,162,1169,93,95,321,3,428963,63,3660,63,,77,589,61,H,0
91WN02755, 91635469,91,63,K5469,3,68,06,632,1,1,1,1,2.0,2,2,3,94,131,19,122,110,747, 0, 0, 0, 0, 67,,,,,1,,0,150,1114,93,,281,3,392563,63,4205,63,,102,685,60,3,104
91WN02756, 91635470,91,63,K5470,2,68,06,611,2,2,5,5,2.0,2,2,2,94,125,3,90,76,536, 6, 0, 0, 0, 54,053,,,2,1,1,0,184,1363,92,95,262,,393963,63,3931,63,,73,606,63,2,88
91WN02757, 91635471,91,63,K5471,1,68,06,611,2,2,5,5,2.0,2,2,2,94,125,3,101,88,623, 6, 0, 0, 0, 65,,,,1,1,2,0,184,1363,93,,321,,393963,63,3931,63,,85,654,63,H,0
91WN02758, 91635472,91,63,K5472,2,68,06,602,2,2,5,4,7.0,7,5,2,94,125,22,116,90,627, 8, 0, 0, 0, 69,c-1,,,2,1,1,0,160,1284,,,,,403663,63,1122,63,,87,674,63,1,100
91WN02759, 91635473,91,63,K5473,2,68,06,602,2,2,5,6,7.0,7,5,2,94,125,25,94,82,581, 8, 0, 0, 0, 64,c-1,,,2,1,1,0,160,1284,,,,,403663,63,1122,63,,79,697,63,1,95
91WN02760, 91635474,91,63,K5474,2,68,06,602,3,2,8,6,6.0,6,4,2,94,125,27,86,79,563, 6, 0, 0, 0, 60,,,,1,1,1,0,164,1176,93,16,281,,403663,63,1249,63,,76,645,63,3,87
91WN02761, 91635475,91,63,K5475,2,68,06,602,3,2,8,4,6.0,6,4,2,94,125,20,112,92,646, 7, 0, 0, 0, 77,c-3,,,2,1,1,0,164,1176,,95,,,403663,63,1249,63,,89,656,63,1,104
91WN02762, 91635477,91,63,K5477,2,68,06,601,2,2,5,5,5.0,5,4,2,94,125,2,86,89,643, 7, 0, 0, 0, 66,c-2,,,2,1,1,0,178,1369,,,,,388463,63,1882,63,,86,675,61,1,97
91WN02763, 91635478,91,63,K5478,2,68,06,601,2,2,5,5,5.0,5,4,2,94,125,1,96,84,595, 7, 0, 0, 0, 66,c-4,,,2,1,1,0,178,1369,,,,,388463,63,1882,63,,81,626,61,1,93
91WN02764, 91635480,91,63,K5480,3,68,06,603,3,2,8,4,4.0,4,4,2,94,125,22,116,93,651, 7, 0, 0, 0, 69,,,,2,1,1,0,154,1053,93,,281,,399463,63,2521,63,,90,683,63,3,108
91WN02765, 91635481,91,63,K5481,2,68,06,603,3,2,8,6,4.0,4,4,2,94,125,19,98,92,658, 6, 0, 0,+, 73,c-1,,,2,1,1,0,154,1053,,95,,,399463,63,2521,63,,89,734,63,1,104
91WN02766, 91635482,91,63,K5482,1,68,06,601,1,1,1,1,2.0,2,2,2,95,124,18,126,112,802, 8, 0, 0, 0, 84,,,,2,1,1,0,150,1137,,95,,,388463,63,3992,63,,109,676,61,1,122
91WN02767, 91635483,91,63,K5483,2,68,06,633,2,2,5,6,3.0,3,3,7,95,131,1,89,78,527, 0, 0, 0, 0,  0,c-1,,,,1,,,177,1103,,,,7,398563,63,3244,63,,72,,61,1,83
91WN02768, 91635484,91,63,K5484,2,68,06,633,2,2,5,4,3.0,3,3,7,95,131,1,112,80,525, 0, 0, 0, 0,  0,c-3,,,,1,,,177,1103,,,,7,398563,63,3244,63,,74,,61,1,85
91WN02769, 91635485,91,63,K5485,2,68,06,612,2,2,5,5,4.0,4,4,2,95,78,0,113,59,612, 0, 0, 0, 0, 59,,,,,1,,0,179,1388,97,95,227,,431263,63,2427,63,,85,,60,7,0
91WN02770, 91635486,91,63,K5486,2,68,06,612,2,2,5,5,4.0,4,4,2,95,124,29,129,79,533, 6, 0, 0, 0, 73,c-3,,,1,1,1,0,179,1388,,95,,,431263,63,2427,63,,77,586,60,1,98
91WN02771, 91635487,91,63,K5487,2,68,06,634,2,2,5,5,2.0,2,2,3,95,129,10,105,76,508, 0, 0, 0, 0, 54,c-4,,,,1,,0,167,1197,,,,3,422863,63,3837,63,,71,600,60,1,85
91WN02772, 91635488,91,63,K5488,2,68,06,634,2,2,5,5,2.0,2,2,3,95,129,10,101,72,480, 0, 0, 0, 0, 52,,,,,1,,0,167,1197,93,,281,3,422863,63,3837,63,,68,572,60,3,76
91WN02773, 91635491,91,63,K5491,2,68,06,614,3,1,7,2,7.0,7,5,2,95,124,13,80,81,589, 7, 0, 0,?, 61,c-3,,,1,1,1,0,151,1002,,,,,425163,63,1016,63,,79,592,60,1,95
91WN02774, 91635492,91,63,K5492,1,68,06,632,2,2,5,5,3.0,3,3,2,95,124,7,119,88,614,10, 0, 0, 0, 67,,,,2,1,1,0,191,1300,,,,,392563,63,3506,63,,86,608,61,1,99
91WN02775, 91635493,91,63,K5493,2,68,06,632,2,2,5,5,3.0,3,3,2,95,124,1,121,79,540, 6, 0, 0,+, 55,c-4,,,2,1,1,0,191,1300,,,,,392563,63,3506,63,,77,568,61,1,93
91WN02776, 91635494,91,63,K5494,1,68,06,634,1,1,1,1,3.0,3,3,3,95,129,13,128,100,676, 0, 0, 0, 0, 71,,,,,1,,0,134,879,93,,266,3,422863,63,3246,63,,94,524,60,3,99
91WN02777, 91635495,91,63,K5495,3,68,06,613,2,1,3,2,4.0,4,4,2,95,124,10,130,113,806, 9, 0, 0, 0, 80,,,,1,1,1,0,166,924,93,21,281,,407663,63,3035,63,,110,743,63,3,127
91WN02778, 91635497,91,63,K5497,2,68,06,632,2,2,5,5,4.0,4,4,2,95,124,22,102,87,619, 8, 0, 0,+, 67,c-1,,,2,1,1,0,166,1216,,21,,,392563,63,2448,63,,85,666,60,1,102
91WN02779, 91635498,91,63,K5498,1,68,06,632,2,2,5,5,4.0,4,4,2,95,124,28,114,85,594, 9, 0, 0, 0, 63,,,,2,1,1,0,166,1216,93,,321,,392563,63,2448,63,,83,607,60,H,0
91WN02780, 91635499,91,63,K5499,1,68,06,633,2,2,5,6,3.0,3,3,3,95,129,19,109,97,667, 0, 0, 0, 0, 55,,,,,1,,0,148,1028,93,,266,3,398563,63,3460,63,,91,784,60,3,97
91WN02781, 91635500,91,63,K5500,1,68,06,633,2,2,5,4,3.0,3,3,3,95,129,20,132,83,541, 0, 0, 0, 0, 59,,,,,1,,0,148,1028,93,,297,3,398563,63,3460,63,,78,508,60,R,0
91WN02782, 91635501,91,63,K5501,3,68,06,604,2,2,5,4,2.0,2,2,3,95,129,14,102,70,464, 0, 0, 0, 0, 46,,,,,1,,0,167,1190,93,,297,3,428963,63,4229,63,,66,543,61,R,0
91WN02783, 91635502,91,63,K5502,2,68,06,604,2,2,5,6,2.0,2,2,3,95,129,16,85,74,508, 0, 0, 0, 0, 51,c-4,,,,1,,0,167,1190,,,,3,428963,63,4229,63,,69,635,61,1,71
91WN02784, 91635504,91,63,K5504,1,68,06,631,2,1,3,2,2.0,2,2,2,95,124,21,118,111,800, 8, 0, 0, 0, 80,,,,2,1,1,0,167,1109,,,,,334663,63,4266,63,,108,680,60,1,112
91WN02785, 91635505,91,63,K5505,3,68,06,602,2,1,3,2,3.0,3,3,2,95,124,26,101,79,556, 9, 0, 0, 0, 60,,,,1,1,2,0,205,1124,93,,321,,403663,63,3093,63,,77,504,61,H,0
91WN02786, 91635508,91,63,K5508,2,68,06,633,2,1,3,2,7.0,7,5,2,95,124,30,99,88,630, 8, 0, 0, 0, 69,c-4,,,2,1,1,0,197,926,,,,,398563,63,1026,63,,85,648,61,1,97
91WN02787, 91635509,91,63,K5509,2,68,06,613,2,2,5,5,2.0,2,2,2,95,124,1,120,89,621, 9, 0, 0, 0, 65,c-4,,,2,1,1,0,150,1111,,,,,407663,63,4125,63,,87,688,63,1,103
91WN02788, 91635510,91,63,K5510,1,68,06,613,2,2,5,5,2.0,2,2,2,95,124,10,106,97,697, 6, 0, 0, 0, 70,,,,2,1,1,0,150,1111,93,,266,,407663,63,4125,63,,94,733,63,3,104
91WN02789, 91635511,91,63,K5511,1,68,06,602,2,2,5,3,5.0,5,4,2,95,124,17,126,119,858, 6, 0, 0, 0, 85,,,,2,1,1,0,156,1138,,95,,,403663,63,2030,63,,116,806,63,1,125
91WN02790, 91635512,91,63,K5512,2,68,06,603,2,2,5,6,2.0,2,2,3,96,129,1,108,65,420, 0, 0, 0, 0, 48,,,,,1,,0,150,1044,93,95,281,3,399463,63,4294,63,,61,535,63,3,64
91WN02791, 91635513,91,63,K5513,2,68,06,603,2,2,5,4,2.0,2,2,3,96,129,2,135,86,562, 0, 0, 0,+, 59,c-4,,,,1,,0,150,1044,,,,3,399463,63,4294,63,,81,611,63,1,81
91WN02792, 91635514,91,63,K5514,2,68,06,604,2,2,5,5,5.0,5,4,3,96,130,14,112,101,691, 0, 0, 0, 0, 61,c-4,,,,1,,0,167,1040,,95,,3,428963,63,2228,63,,94,750,61,1,97
91WN02793, 91635515,91,63,K5515,2,68,06,604,2,2,5,5,5.0,5,4,3,96,130,13,98,95,655, 0, 0, 0, 0, 62,c-1,,,,1,,0,167,1040,,95,,3,428963,63,2228,63,,88,713,61,1,99
91WN02794, 91635516,91,63,K5516,2,68,06,611,2,2,5,5,3.0,3,3,2,96,123,1,103,85,607, 8, 0, 0, 0, 65,c-2,,,2,1,1,0,162,1236,,,,,393963,63,3249,63,,83,633,60,1,93
91WN02795, 91635517,91,63,K5517,2,68,06,611,2,2,5,5,3.0,3,3,2,96,123,2,91,81,585, 8, 0, 0, 0, 60,c-1,,,4,1,1,0,162,1236,,95,,,393963,63,3249,63,,79,612,60,1,92
91WN02796, 91635518,91,63,K5518,2,68,06,613,2,2,5,6,2.0,2,2,3,96,128,21,93,76,521, 0, 0, 0, 0, 45,,,,,1,,0,150,1049,93,02,281,3,407663,63,4040,63,,72,651,60,3,81
91WN02797, 91635519,91,63,K5519,2,68,06,613,2,2,5,4,2.0,2,2,3,96,128,21,110,73,484, 0, 0, 0, 0, 43,,,,,1,,0,150,1049,93,21,281,3,407663,63,4040,63,,69,547,60,3,73
91WN02798, 91635520,91,63,K5520,3,68,06,613,1,1,1,1,2.0,2,2,3,96,128,19,134,104,708, 0, 0, 0, 0, 67,,,,,1,,0,150,1088,93,95,281,3,407663,63,4349,63,,98,642,60,3,107
91WN02799, 91635522,91,63,K5522,2,68,06,613,3,2,8,5,5.0,5,4,3,96,130,8,101,81,545, 0, 0, 0, 0, 51,c-4,,,,1,,0,145,940,,,,3,407663,63,2185,63,,76,599,60,1,89
91WN02800, 91635523,91,63,K5523,2,68,06,613,3,2,8,5,5.0,5,4,3,96,130,8,115,98,665, 0, 0, 0, 0, 60,c-1,,,,1,,0,145,940,,95,,3,407663,63,2185,63,,91,719,60,1,106
91WN02801, 91635524,91,63,K5524,3,68,06,633,2,2,5,5,2.0,2,2,2,96,123,26,98,74,522,11, 0, 0, 0, 56,,,,1,1,1,0,167,1195,93,,297,,398563,63,4008,63,,72,597,60,R,0
91WN02802, 91635525,91,63,K5525,2,68,06,633,2,2,5,5,2.0,2,2,2,96,123,24,105,71,492, 9, 0, 0, 0, 55,052,,,2,1,1,0,167,1195,92,95,262,,398563,63,4008,63,,70,577,60,2,89
91WN02803, 91635526,91,63,K5526,2,68,06,612,1,1,1,1,4.0,4,4,3,96,128,19,125,100,684, 0, 0, 0, 0, 66,c-4,,,,1,,0,154,1127,,95,,3,431263,63,2809,63,,95,627,63,1,99
91WN02804, 91635527,91,63,K5527,3,68,06,604,2,2,5,3,2.0,2,2,3,96,130,6,148,95,617, 0, 0, 0, 0, 62,,,,,1,,0,184,1114,93,95,281,3,428963,63,3951,63,,89,690,61,3,96
91WN02805, 91635528,91,63,K5528,2,68,06,604,2,2,5,7,2.0,2,2,3,96,130,6,93,87,598, 0, 0, 0, 0, 52,c-2,,,,1,,0,184,1114,,95,,3,428963,63,3951,63,,81,718,61,1,83
91WN02806, 91635532,91,63,K5532,2,68,06,604,3,2,8,5,3.0,3,3,2,96,123,27,85,69,492, 7, 0, 0, 0, 46,055,,,1,1,1,0,177,1005,92,95,262,,428963,63,3669,63,,68,540,61,2,83
91WN02807, 91635533,91,63,K5533,3,68,06,604,3,2,8,5,3.0,3,3,2,96,123,13,98,77,546, 8, 0, 0, 0, 55,,,,1,1,1,0,177,1005,93,,321,,428963,63,3669,63,,75,571,61,H,0
91WN02808, 91635534,91,63,K5534,2,68,06,602,1,1,1,1,5.0,5,4,2,96,123,7,112,78,543, 8, 0, 0, 0, 55,053,,,2,1,1,0,178,1078,92,,262,,403663,63,1957,63,,76,458,61,2,86
91WN02809, 91635535,91,63,K5535,2,68,06,634,2,1,3,2,2.0,2,2,2,96,123,8,94,78,558, 6, 0, 0, 0, 56,053,,,2,1,1,0,167,876,92,95,262,,422863,63,4083,63,,76,558,68,2,88
91WN02810, 91635540,91,63,K5540,2,68,06,634,3,1,7,2,3.0,3,3,2,96,123,15,91,89,650,10, 0, 0, 0, 69,c-2,,,2,1,1,0,162,891,,95,,,422863,63,3305,63,,87,617,60,1,99
91WN02811, 91635542,91,63,K5542,2,68,06,613,1,1,1,1,2.0,2,2,2,96,123,11,111,108,788, 5, 0, 0, 0, 85,c-3,,,1,1,1,0,150,1079,,,,,407663,63,3855,63,,106,743,60,1,118
91WN02812, 91635545,91,63,K5545,2,68,06,611,1,1,1,1,4.0,4,4,2,96,123,23,141,83,560, 8, 0, 0, 0, 65,c-3,,,1,1,1,0,166,1277,,,,,393963,63,2554,63,,81,488,63,1,97
91WN02813, 91635546,91,63,K5546,3,68,06,602,2,2,5,5,6.0,6,4,2,96,123,15,145,98,679, 5, 0, 0, 0, 74,,,,2,1,1,0,174,1438,93,,281,,403663,63,1501,63,,96,708,61,3,109
91WN02814, 91635547,91,63,K5547,3,68,06,602,2,2,5,5,6.0,6,4,2,96,123,18,130,85,585, 7, 0, 0, 0, 64,,,,2,2,1,0,174,1438,93,95,281,,403663,63,1501,63,,83,616,61,3,91
91WN02815, 91635548,91,63,K5548,2,68,06,612,2,2,5,5,3.0,3,3,2,96,123,15,110,62,415, 8, 0, 0, 0, 45,057,,,1,1,1,0,177,1236,92,,262,,431263,63,3117,63,,61,453,60,2,68
91WN02816, 91635549,91,63,K5549,2,68,06,612,2,2,5,5,3.0,3,3,2,96,123,17,120,76,520, 8, 0, 0, 0, 58,052,,,2,1,1,0,177,1236,92,,262,,431263,63,3117,63,,74,560,60,2,89
91WN02817, 91635550,91,63,K5550,2,68,06,634,2,2,5,5,6.0,6,4,3,96,128,3,85,71,488, 0, 0, 0, 0, 47,,,,,1,,0,134,1003,93,95,281,3,422863,63,1520,63,,67,536,60,3,73
91WN02818, 91635551,91,63,K5551,2,68,06,634,2,2,5,5,6.0,6,4,3,96,128,4,95,71,480, 0, 0, 0, 0, 48,,,,,1,,0,134,1003,93,,281,3,422863,63,1520,63,,67,529,60,3,80
91WN02819, 91635552,91,63,K5552,2,68,06,601,2,2,5,5,4.0,4,4,2,96,123,11,117,92,653, 6, 0, 0, 0, 68,c-3,,,2,1,1,0,166,1326,,,,,388463,63,2671,63,,90,690,68,1,102
91WN02820, 91635553,91,63,K5553,2,68,06,601,2,2,5,5,4.0,4,4,2,96,123,6,108,87,620, 6, 0, 0, 0, 66,c-3,,,1,1,1,0,166,1326,,95,,,388463,63,2671,63,,85,652,68,1,95
91WN02821, 91635554,91,63,K5554,1,68,06,633,1,1,1,1,2.0,2,2,2,96,123,27,142,90,616, 8, 0, 0, 0, 67,,,,1,1,1,0,150,1061,93,,266,,398563,63,3986,63,,88,496,61,3,102
91WN02822, 91635555,91,63,K5555,2,68,06,634,2,1,3,2,3.0,3,3,3,96,130,5,117,104,710, 0, 0, 0, 0, 67,c-4,,,,1,,0,162,907,,,,3,422863,63,3405,63,,97,689,61,1,108
91WN02823, 91635558,91,63,K5558,1,68,06,602,2,1,3,2,3.0,3,3,2,97,122,21,124,112,816, 8, 0, 0, 0, 88,,,,1,1,1,0,177,1252,,95,,,403663,63,3604,63,,110,654,61,1,122
91WN02824, 91635560,91,63,K5560,1,68,06,602,2,2,5,5,6.0,6,4,2,97,122,1,123,69,465, 8, 0, 0, 0, 53,,,,2,1,1,0,184,1160,93,,297,,403663,63,1609,63,,68,454,61,R,0
91WN02825, 91635561,91,63,K5561,1,68,06,602,2,2,5,5,6.0,6,4,2,97,122,1,128,76,518,10, 0, 0, 0, 63,,,,2,1,2,0,184,1160,93,16,297,,403663,63,1609,63,,75,507,61,R,0
91WN02826, 91635562,91,63,K5562,3,68,06,603,2,2,5,6,3.0,3,3,7,97,129,1,98,72,482, 0, 0, 0, 0,  0,,,,,1,,,162,1075,93,,281,7,399463,63,3713,63,,68,,63,3,77
91WN02827, 91635563,91,63,K5563,2,68,06,603,2,2,5,4,3.0,3,3,7,97,129,1,116,82,546, 0, 0, 0,+,  0,c-3,,,,1,,,162,1075,,16,,7,399463,63,3713,63,,77,,63,1,87
91WN02828, 91635564,91,63,K5564,2,68,06,601,1,1,1,1,3.0,3,3,2,97,122,16,117,88,625, 8, 0, 0, 0, 65,c-3,,,1,1,1,0,148,1064,,,,,388463,63,3347,63,,87,544,63,1,101
91WN02829, 91635565,91,63,K5565,2,68,06,631,3,2,8,5,4.0,4,4,2,97,122,18,95,85,619, 9, 0, 0, 0, 61,c-1,,,2,1,1,0,179,1366,,95,,,334663,63,3053,63,,84,660,60,1,101
91WN02830, 91635566,91,63,K5566,2,68,06,631,3,2,8,5,4.0,4,4,2,97,122,6,104,95,693, 9, 0, 0, 0, 72,c-1,,,2,1,1,0,179,1366,,95,,,334663,63,3053,63,,94,724,60,1,108
91WN02831, 91635567,91,63,K5567,1,68,06,631,3,1,7,2,4.0,4,4,3,97,128,4,111,102,710, 0, 0, 0, 0, 75,,,,,1,,0,179,1366,,,,,334663,63,3053,63,,96,555,60,1,107
91WN02832, 91635569,91,63,K5569,3,68,06,631,1,1,1,1,5.0,5,4,2,97,122,6,145,115,824, 9, 0, 0, 0, 87,,,,1,1,1,0,156,1089,93,21,281,,334663,63,1950,63,,113,691,60,3,127
91WN02833, 91635570,91,63,K5570,3,68,06,614,2,2,5,5,5.0,5,4,2,97,122,27,139,105,747, 9, 0, 0, 0, 81,,,,1,1,1,0,145,1065,93,,281,,425163,63,1939,63,,104,784,63,3,121
91WN02834, 91635571,91,63,K5571,1,68,06,614,2,2,5,5,5.0,5,4,2,97,122,27,131,97,688, 8, 0, 0, 0, 74,,,,2,1,1,0,145,1065,,,,,425163,63,1939,63,,96,698,63,1,110
91WN02835, 91635572,91,63,K5572,2,68,06,603,1,1,1,1,2.0,2,2,2,97,122,10,122,98,703, 7, 0, 0,+, 73,c-2,,,2,1,1,0,150,1088,,95,,,399463,63,3888,63,,97,656,61,1,104
91WN02836, 91635573,91,63,K5573,2,68,06,633,2,2,5,5,2.0,2,2,3,97,129,8,111,88,596, 0, 0, 0, 0, 63,,,,,3,,0,184,1188,93,03,281,3,398563,63,3863,63,,83,686,61,3,92
91WN02837, 91635574,91,63,K5574,3,68,06,633,2,2,5,5,2.0,2,2,3,97,129,8,104,81,547, 0, 0, 0, 0, 49,,,,,1,,0,184,1188,93,,321,3,398563,63,3863,63,,76,626,61,H,0
91WN02838, 91635575,91,63,K5575,2,68,06,633,2,1,3,2,6.0,6,4,2,97,122,6,131,70,466, 8, 0, 0, 0, 49,055,,,2,1,1,0,184,914,92,21,262,,398563,63,1447,63,,69,426,60,2,81
91WN02839, 91635577,91,63,K5577,1,68,06,604,2,2,5,5,7.0,7,5,2,97,122,4,140,89,615, 9, 0, 0, 0, 69,,,,1,1,1,0,151,985,93,,266,,428963,63,0983,63,,88,641,63,3,93
91WN02840, 91635578,91,63,K5578,2,68,06,604,2,2,5,5,7.0,7,5,2,97,122,10,135,90,627, 7, 0, 0, 0, 61,c-4,,,2,1,1,0,151,985,,95,,,428963,63,0983,63,,89,697,63,1,105
91WN02841, 91635579,91,63,K5579,2,68,06,603,2,2,5,5,2.0,2,2,3,97,129,14,92,83,572, 0, 0, 0,+, 57,c-1,,,,1,,0,184,1188,,,,3,399463,63,3857,63,,78,667,63,1,83
91WN02842, 91635580,91,63,K5580,2,68,06,603,2,2,5,5,2.0,2,2,3,97,129,12,98,86,591, 0, 0, 0,+, 56,c-4,,,,1,,0,184,1188,,,,3,399463,63,3857,63,,81,685,63,1,89
91WN02843, 91635581,91,63,K5581,1,68,06,612,1,1,1,1,5.0,5,4,2,97,122,22,129,108,780, 8, 0, 0, 0, 87,,,,2,2,1,0,156,1169,,,,,431263,63,1880,63,,106,617,60,1,119
91WN02844, 91635583,91,63,K5583,2,68,06,632,1,1,1,1,2.0,2,2,3,97,128,7,80,92,656, 0, 0, 0,+, 64,c-1,,,,1,,0,150,1091,,,,3,392563,63,4071,63,,87,626,60,1,87
91WN02845, 91635584,91,63,K5584,1,68,06,613,2,2,5,5,5.0,5,4,3,97,127,3,116,80,539, 0, 0, 0, 0, 57,,,,,1,,0,134,960,93,,266,3,407663,63,1840,63,,76,547,63,3,73
91WN02846, 91635585,91,63,K5585,2,68,06,613,2,2,5,5,5.0,5,4,3,97,127,5,104,84,580, 0, 0, 0, 0, 55,c-3,,,,1,,0,134,960,,95,,3,407663,63,1840,63,,80,628,63,1,88
91WN02847, 91635586,91,63,K5586,2,68,06,602,2,2,5,5,4.0,4,4,3,97,129,5,116,88,592, 0, 0, 0, 0, 59,c-1,,,,1,,0,179,1156,,,,3,403663,63,2770,63,,83,643,68,1,85
91WN02848, 91635587,91,63,K5587,2,68,06,602,2,2,5,5,4.0,4,4,3,97,129,3,108,83,560, 0, 0, 0, 0, 57,c-4,,,,1,,0,179,1156,,95,,3,403663,63,2770,63,,78,609,68,1,79
91WN02849, 91635588,91,63,K5588,2,68,06,604,2,2,5,6,5.0,5,4,2,97,122,12,97,74,527, 8, 0, 0, 0, 54,053,,,1,1,1,0,178,1066,92,95,262,,428963,63,2001,63,,73,593,61,2,86
91WN02850, 91635589,91,63,K5589,3,68,06,604,2,2,5,4,5.0,5,4,2,97,122,21,124,83,579, 9, 0, 0, 0, 60,,,,1,1,1,0,178,1066,93,,321,,428963,63,2001,63,,82,606,61,H,0
91WN02851, 91635590,91,63,K5590,1,68,06,601,2,2,5,5,2.0,2,2,2,97,122,8,89,76,550, 9, 0, 0, 0, 56,,,,2,1,2,0,167,1245,93,,297,,388463,63,4208,63,,75,582,61,R,0
91WN02852, 91635591,91,63,K5591,2,68,06,601,2,2,5,5,2.0,2,2,2,97,122,24,98,81,584, 9, 0, 0, 0, 60,c-1,,,2,1,2,0,167,1245,,,,,388463,63,4208,63,,80,667,61,1,95
91WN02853, 91635592,91,63,K5592,2,68,06,612,2,2,5,5,6.0,6,4,2,98,121,21,92,69,494,10, 0, 0, 0, 52,054,,,2,1,1,0,174,1303,92,,262,,431263,63,1485,63,,69,536,60,2,85
91WN02854, 91635593,91,63,K5593,3,68,06,612,2,2,5,5,6.0,6,4,2,98,121,24,85,93,698, 8, 0, 0, 0, 67,,,,2,1,1,0,174,1303,93,,281,,431263,63,1485,63,,92,732,60,3,106
91WN02855, 91635594,91,63,K5594,3,68,06,601,2,1,3,2,5.0,5,4,2,98,121,1,89,88,654, 8, 0, 0, 0, 63,,,,1,1,1,0,178,1054,93,,321,,388463,63,1849,63,,87,580,61,H,0
91WN02856, 91635595,91,63,K5595,2,68,06,602,1,1,1,1,2.0,2,2,2,98,121,25,135,98,698, 4, 0, 0, 0, 73,c-1,,,2,1,1,0,150,1111,,95,,,403663,63,4272,63,,97,663,63,1,109
91WN02857, 91635596,91,63,K5596,2,68,06,613,2,2,5,6,2.0,2,2,3,98,126,5,80,71,500, 0, 0, 0, 0, 48,,,,,1,,0,217,1213,93,95,281,3,407663,63,4078,63,,68,614,60,3,70
91WN02858, 91635597,91,63,K5597,3,68,06,613,2,2,5,4,2.0,2,2,3,98,126,5,95,86,607, 0, 0, 0, 0, 53,,,,,2,,0,217,1213,93,,321,3,407663,63,4078,63,,82,675,60,H,0
91WN02859, 91635598,91,63,K5598,2,68,06,603,2,2,5,5,2.0,2,2,3,98,126,15,126,85,575, 0, 0, 0,+, 59,c-3,,,,1,,0,167,1227,,95,,3,399463,63,4331,63,,82,667,61,1,76
91WN02860, 91635599,91,63,K5599,2,68,06,603,2,2,5,5,2.0,2,2,3,98,126,13,110,73,492, 0, 0, 0, 0, 48,,,,,1,,0,167,1227,97,95,268,3,399463,63,4331,63,,70,583,61,7,0
91WN02861, 91635600,91,63,K5600,3,68,06,613,2,2,5,5,3.0,3,3,3,98,127,1,89,85,599, 0, 0, 0, 0, 62,,,,,1,,0,162,1092,93,,321,3,407663,63,3504,63,,81,631,60,H,0
91WN02862, 91635601,91,63,K5601,3,68,06,613,2,2,5,5,3.0,3,3,3,98,127,1,83,86,612, 0, 0, 0, 0, 57,,,,,1,,0,162,1092,93,,321,3,407663,63,3504,63,,82,644,60,H,0
91WN02863, 91635602,91,63,K5602,3,68,06,603,2,2,5,5,5.0,5,4,3,98,126,10,108,85,589, 0, 0, 0, 0, 63,,,,,1,,0,167,984,93,,321,3,399463,63,2057,63,,81,629,61,H,0
91WN02864, 91635603,91,63,K5603,2,68,06,603,2,2,5,5,5.0,5,4,3,98,126,8,121,88,602, 0, 0, 0,+, 67,c-2,,,,1,,0,167,984,,,,3,399463,63,2057,63,,84,651,61,1,84
91WN02865, 91635604,91,63,K5604,2,68,06,601,2,2,5,5,3.0,3,3,1,98,120,32,78,73,543, 7, 0, 0, 0, 51,054,,,1,1,1,0,162,1109,92,,262,,388463,63,3259,63,,73,604,63,2,85
91WN02866, 91635605,91,63,K5605,2,68,06,601,2,2,5,5,3.0,3,3,1,98,120,24,70,64,475, 6, 0, 0, 0, 44,057,,,4,1,1,0,162,1109,92,,262,,388463,63,3259,63,,64,529,63,2,77
91WN02867, 91635606,91,63,K5606,2,68,06,613,1,1,1,1,4.0,4,4,2,98,121,22,117,106,779, 5, 0, 0, 0, 84,c-1,,,1,1,1,0,129,974,,95,,,407663,63,2760,63,,105,704,63,1,122
91WN02868, 91635607,91,63,K5607,3,68,06,634,1,1,1,1,2.0,2,2,2,98,121,4,112,92,668, 9, 0, 0, 0, 69,,,,2,1,1,0,167,1074,93,,281,,422863,63,3919,63,,91,569,61,3,106
91WN02869, 91635608,91,63,K5608,1,68,06,612,2,2,5,5,3.0,3,3,2,98,121,8,124,86,608, 9, 0, 0, 0, 69,,,,2,1,1,0,191,1349,,95,,,431263,63,3272,63,,85,599,63,1,90
91WN02870, 91635609,91,63,K5609,2,68,06,612,2,2,5,5,3.0,3,3,2,98,121,18,126,82,574, 7, 0, 0, 0, 58,c-1,,,2,1,1,0,191,1349,,95,,,431263,63,3272,63,,81,612,63,1,99
91WN02871, 91635610,91,63,K5610,3,68,06,601,3,2,8,4,6.0,6,4,2,98,121,16,107,78,556, 7, 0, 0, 0, 56,,,,2,1,1,0,174,1185,83,,280,,388463,63,1604,63,,77,578,63,H,0
91WN02872, 91635611,91,63,K5611,2,68,06,601,3,2,8,6,6.0,6,4,2,98,121,17,81,75,553, 7, 0, 0, 0, 51,053,,,1,1,1,0,174,1185,92,,262,,388463,63,1604,63,,74,622,63,2,88
91WN02873, 91635613,91,63,K5613,1,68,06,633,1,1,1,1,4.0,4,4,3,98,128,7,151,126,866, 0, 0, 0, 0, 87,,,,,1,,0,154,1059,,,,3,398563,63,2493,63,,119,710,60,1,128
91WN02874, 91635614,91,63,K5614,2,68,06,601,2,2,5,5,2.0,2,2,2,98,121,24,82,68,494, 9, 0, 0, 0, 51,055,,,2,1,1,0,167,1188,92,21,262,,388463,63,4108,63,,68,576,63,2,81
91WN02875, 91635615,91,63,K5615,3,68,06,601,2,2,5,5,2.0,2,2,2,98,121,22,93,75,543, 7, 0, 0, 0, 53,,,,1,1,1,0,167,1188,93,21,297,,388463,63,4108,63,,74,612,63,R,0
91WN02876, 91635616,91,63,K5616,2,68,06,601,2,2,5,5,4.0,4,4,2,98,121,8,133,94,667, 9, 0, 0, 0, 70,c-3,,,2,1,1,0,154,1213,,95,,,388463,63,2648,63,,93,699,68,1,96
91WN02877, 91635617,91,63,K5617,2,68,06,601,2,2,5,5,4.0,4,4,2,98,121,16,133,88,617, 8, 0, 0, 0, 73,c-1,,,2,1,1,0,154,1213,,,,,388463,63,2648,63,,87,655,68,1,102
91WN02878, 91635618,91,63,K5618,3,68,06,614,2,1,3,2,2.0,2,2,2,98,121,25,131,99,710, 6, 0, 0, 0, 79,,,,2,1,1,0,150,927,93,87,281,,425163,63,3910,63,,98,693,63,3,115
91WN02879, 91635619,91,63,K5619,1,68,06,611,1,1,1,1,6.0,6,4,2,98,121,20,112,106,783, 5, 0, 0, 0, 80,,,,1,1,2,0,144,1105,93,,266,,393963,63,1552,63,,105,617,63,3,110
91WN02880, 91635620,91,63,K5620,3,68,06,633,2,2,5,5,2.0,2,2,3,98,126,19,112,84,578, 0, 0, 0, 0, 56,,,,,1,,0,167,1091,93,,321,3,398563,63,4399,63,,81,663,60,H,0
91WN02881, 91635621,91,63,K5621,3,68,06,633,2,2,5,5,2.0,2,2,3,98,126,20,96,83,583, 0, 0, 0, 0, 51,,,,,1,,0,167,1091,93,,321,3,398563,63,4399,63,,80,669,60,H,0
91WN02882, 91635622,91,63,K5622,2,68,06,632,2,1,3,2,5.0,5,4,2,98,121,6,130,114,835, 6, 0, 0,?, 85,c-3,,,2,1,1,0,167,1240,,,,,392563,63,1876,63,,113,794,60,1,119
91WN02883, 91635623,91,63,K5623,2,68,06,632,2,1,3,2,5.0,5,4,2,98,121,23,111,112,834, 6, 0, 0,?, 87,c-4,,,2,1,1,0,167,1240,,21,,,392563,63,1876,63,,111,807,60,1,124
91WN02884, 91635624,91,63,K5624,1,68,06,603,2,2,5,4,3.0,3,3,3,98,128,1,148,115,783, 0, 0, 0, 0, 72,,,,,1,,0,162,1111,,,,3,399463,63,3321,63,,109,733,61,1,114
91WN02885, 91635625,91,63,K5625,2,68,06,603,2,2,5,6,3.0,3,3,3,98,75,0,110,63,693, 0, 0, 0, 0, 63,,,,,1,,0,162,1111,97,,227,3,399463,63,3321,63,,94,,61,7,0
91WN02886, 91635626,91,63,K5626,2,68,06,614,2,1,3,2,3.0,3,3,2,98,121,8,114,68,468, 7, 0, 0, 0, 56,056,,,2,1,1,0,148,812,92,,262,,425163,63,3668,63,,68,426,63,2,79
91WN02887, 91635629,91,63,K5629,2,68,06,603,3,1,7,2,2.0,2,2,3,98,128,6,81,91,648, 0, 0, 0,+, 60,c-2,,,,1,,0,167,903,,,,3,399463,63,3911,63,,86,664,63,1,97
91WN02888, 91635631,91,63,K5631,1,68,06,634,2,2,5,5,3.0,3,3,2,98,121,11,138,92,646, 9, 0, 0, 0, 66,,,,2,1,2,0,205,1174,,,,,422863,63,3228,63,,91,640,61,1,99
91WN02889, 91635632,91,63,K5632,1,68,06,634,2,2,5,5,3.0,3,3,2,98,121,16,130,96,686, 8, 0, 0, 0, 72,,,,2,1,2,0,205,1174,,95,,,422863,63,3228,63,,95,684,61,1,106
91WN02890, 91635633,91,63,K5633,3,68,06,633,2,2,5,5,2.0,2,2,3,98,126,8,94,78,544, 0, 0, 0, 0, 54,,,,,1,,0,150,1081,93,,297,3,398563,63,4166,63,,75,620,61,R,0
91WN02891, 91635634,91,63,K5634,3,68,06,633,2,2,5,5,2.0,2,2,3,98,126,10,106,87,606, 0, 0, 0, 0, 64,,,,,1,,0,150,1081,93,,321,3,398563,63,4166,63,,83,683,61,H,0
91WN02892, 91635635,91,63,K5635,2,68,06,603,2,2,5,5,2.0,2,2,2,98,121,18,119,87,621, 9, 0, 0,+, 68,c-4,,,2,1,1,0,150,1074,,21,,,399463,63,4030,63,,86,698,68,1,102
91WN02893, 91635636,91,63,K5636,2,68,06,603,2,2,5,5,2.0,2,2,2,98,121,11,108,71,498, 6, 0, 0, 0, 51,054,,,1,1,1,0,150,1074,92,,262,,399463,63,4030,63,,71,569,68,2,84
91WN02894, 91635638,91,63,K5638,1,68,06,602,1,1,1,1,5.0,5,4,2,99,120,26,142,100,715, 6, 0, 0, 0, 85,,,,2,1,1,0,178,1169,,95,,,403663,63,1910,63,,100,553,63,1,106
91WN02895, 91635639,91,63,K5639,1,68,06,613,1,1,1,1,3.0,3,3,3,99,126,4,156,121,837, 0, 0, 0, 0, 94,,,,,1,,0,134,932,,,,3,407663,63,3730,63,,116,674,60,1,120
91WN02896, 91635640,91,63,K5640,2,68,06,613,2,2,5,6,3.0,3,3,3,99,126,13,98,72,494, 0, 0, 0, 0, 50,,,,,1,,0,148,1084,93,95,281,3,407663,63,3389,63,,69,576,60,3,72
91WN02897, 91635641,91,63,K5641,2,68,06,613,2,2,5,4,3.0,3,3,3,99,126,13,123,110,775, 6, 0, 0, 0, 70,c-2,,,2,1,1,0,148,1084,,,,3,407663,63,3389,63,,105,790,60,1,111
91WN02898, 91635642,91,63,K5642,3,68,06,633,1,1,1,1,2.0,2,2,2,99,120,12,140,111,808, 9, 0, 0, 0, 87,,,,2,1,1,0,150,1111,93,,281,,398563,63,3950,63,,111,715,61,3,124
91WN02899, 91635643,91,63,K5643,2,68,06,601,2,2,5,5,3.0,3,3,1,99,119,24,120,84,605, 0, 0, 0, 0, 63,c-4,,,,1,,0,162,1308,,,,,388463,63,3250,63,,85,658,63,1,97
91WN02900, 91635644,91,63,K5644,2,68,06,601,2,2,5,5,3.0,3,3,1,99,119,35,123,84,603, 5, 0, 0, 0, 63,c-1,,,4,1,1,0,162,1308,,,,,388463,63,3250,63,,85,665,63,1,98
91WN02901, 91635645,91,63,K5645,2,68,06,611,1,1,1,1,6.0,6,4,2,99,120,1,109,93,684, 7, 0, 0, 0, 72,c-1,,,2,1,1,0,154,1150,,,,,393963,63,1253,63,,93,590,60,1,105
91WN02902, 91635646,91,63,K5646,2,68,06,631,1,1,1,1,6.0,6,4,1,99,119,22,122,96,704, 9, 0, 0, 0, 76,c-4,,,1,1,1,0,144,1206,,95,,,334663,63,1237,63,,97,639,60,1,115
91WN02903, 91635647,91,63,K5647,1,68,06,631,3,2,8,4,3.0,3,3,1,99,119,11,120,87,630, 6, 0, 0, 0, 61,,,,2,1,1,0,177,1242,93,,266,,334663,63,3391,63,,88,578,60,3,95
91WN02904, 91635648,91,63,K5648,3,68,06,631,3,2,8,6,3.0,3,3,1,99,119,7,101,93,697, 5, 0, 0, 0, 66,,,,4,1,1,0,177,1242,93,90,281,,334663,63,3391,63,,94,807,60,*,102
91WN02905, 91635650,91,63,K5650,3,68,06,634,2,2,5,5,4.0,4,4,3,99,126,1,146,107,733, 0, 0, 0, 0, 72,,,,,1,,0,166,1138,93,21,281,3,422863,63,2688,63,,103,765,68,3,86
91WN02906, 91635651,91,63,K5651,2,68,06,634,2,2,5,5,4.0,4,4,3,99,126,1,137,95,645, 0, 0, 0, 0, 66,c-1,,,,1,,0,166,1138,,21,,3,422863,63,2688,63,,91,689,68,1,89
91WN02907, 91635652,91,63,K5652,1,68,06,631,2,2,5,5,3.0,3,3,1,99,119,22,100,85,630, 8, 0, 0, 0, 63,,,,2,1,2,0,162,1176,93,,266,,334663,63,3280,63,,86,643,61,3,96
91WN02908, 91635653,91,63,K5653,1,68,06,631,2,2,5,5,3.0,3,3,1,99,119,12,89,85,639, 7, 0, 0, 0, 59,,,,2,1,1,0,162,1176,93,,266,,334663,63,3280,63,,86,644,61,3,93
91WN02909, 91635654,91,63,K5654,2,68,06,631,2,1,3,2,4.0,4,4,1,99,119,21,104,98,736, 8, 0, 0, 0, 71,c-2,,,1,1,1,0,179,1119,,21,,,334663,63,2537,63,,99,717,60,1,109
91WN02910, 91635656,91,63,K5656,2,68,06,602,3,2,8,5,4.0,4,4,1,99,119,28,103,86,636, 9, 0, 0, 0, 67,c-3,,,2,1,1,0,191,1356,,16,,,403663,63,2808,63,,87,694,63,1,98
91WN02911, 91635657,91,63,K5657,2,68,06,602,3,2,8,5,4.0,4,4,1,99,119,10,91,71,520, 8, 0, 0, 0, 51,PPL,,,1,1,1,0,191,1356,93,16,256,,403663,63,2808,63,,72,563,63,5,83
91WN02912, 91635658,91,63,K5658,3,68,06,602,3,1,7,2,4.0,4,4,1,99,119,18,89,100,766, 7, 0, 0, 0, 75,,,,2,1,2,0,191,1356,93,,281,,403663,63,2808,63,,101,716,63,3,114
91WN02913, 91635659,91,63,K5659,2,68,06,601,2,2,5,5,5.0,5,4,1,99,119,7,115,94,693, 5, 0, 0, 0, 61,c-3,,,2,1,1,0,156,1226,,,,,388463,63,2161,63,,95,734,63,1,96
91WN02914, 91635660,91,63,K5660,2,68,06,601,2,2,5,5,5.0,5,4,1,99,119,3,118,94,691, 6, 0, 0, 0, 67,c-4,,,2,1,1,0,156,1226,,95,,,388463,63,2161,63,,95,728,63,1,103
91WN02915, 91635661,91,63,K5661,2,68,06,601,2,2,5,5,4.0,4,4,1,99,119,25,108,68,481, 8, 0, 0, 0, 50,054,,,1,1,1,0,179,1180,92,,262,,388463,63,2464,63,,68,537,63,2,85
91WN02916, 91635662,91,63,K5662,2,68,06,601,2,2,5,5,4.0,4,4,1,99,119,4,98,73,531, 6, 0, 0, 0, 50,054,,,2,1,1,0,179,1180,92,,262,,388463,63,2464,63,,74,569,63,2,85
91WN02917, 91635663,91,63,K5663,1,68,06,634,2,2,5,5,2.0,2,2,1,99,119,24,102,80,587,14, 0, 0, 0, 58,,,,1,1,1,0,167,1188,93,,266,,422863,63,4072,63,,81,641,61,3,90
91WN02918, 91635664,91,63,K5664,2,68,06,634,2,2,5,5,2.0,2,2,1,99,119,24,93,61,434,10, 0, 0, 0, 48,057,,,2,1,1,0,167,1188,92,95,262,,422863,63,4072,63,,61,526,61,2,75
91WN02919, 91635665,91,63,K5665,2,68,06,631,2,2,5,5,3.0,3,3,1,99,119,32,103,79,577, 8, 0, 0, 0, 65,c-4,,,1,1,1,0,177,1323,,16,,,334663,63,3403,63,,80,637,61,1,95
91WN02920, 91635666,91,63,K5666,3,68,06,631,2,2,5,5,3.0,3,3,1,99,119,26,108,79,573,10, 0, 0, 0, 52,,,,2,1,1,0,177,1323,93,,321,,334663,63,3403,63,,80,617,61,H,0
91WN02921, 91635667,91,63,K5667,2,68,06,603,2,2,5,5,4.0,4,4,1,99,119,10,108,66,464, 8, 0, 0, 0, 50,055,,,1,1,1,0,191,1048,92,95,262,,399463,63,2794,63,,66,507,61,2,83
91WN02922, 91635668,91,63,K5668,2,68,06,603,2,2,5,5,4.0,4,4,1,99,119,4,95,72,525, 8, 0, 0, 0, 54,PPL,,,1,1,1,0,191,1048,93,16,256,,399463,63,2794,63,,73,563,61,5,89
91WN02923, 91635669,91,63,K5669,3,68,06,632,2,1,3,2,3.0,3,3,1,99,119,11,108,90,666, 6, 0, 0, 0, 70,,,,5,1,1,0,177,1150,93,21,281,,392563,63,3275,63,,91,608,60,3,105
91WN02924, 91635670,91,63,K5670,2,68,06,614,2,2,5,5,5.0,5,4,3,99,125,16,111,80,551, 0, 0, 0,+, 52,c-3,,,,1,,0,178,1118,,95,,3,425163,63,2166,63,,77,606,60,1,80
91WN02925, 91635671,91,63,K5671,3,68,06,614,2,2,5,5,5.0,5,4,3,99,125,16,113,87,606, 0, 0, 0, 0, 59,,,,,1,,0,178,1118,93,,281,3,425163,63,2166,63,,84,650,60,3,84
91WN02926, 91635672,91,63,K5672,2,68,06,632,2,2,5,5,6.0,6,4,1,99,119,34,135,87,618, 8, 0, 0,+, 66,c-3,,,1,1,1,0,154,1362,,,,,392563,63,1497,63,,88,681,60,1,103
91WN02927, 91635673,91,63,K5673,2,68,06,632,2,2,5,5,6.0,6,4,1,99,119,32,118,85,615, 6, 0, 0,+, 65,c-4,,,1,1,1,0,154,1362,,,,,392563,63,1497,63,,86,676,60,1,97
91WN02928, 91635674,91,63,K5674,2,68,06,611,2,2,5,5,4.0,4,4,1,99,119,26,115,50,324, 8, 0, 0, 0, 36,OUT,,,2,1,1,0,179,1243,93,,281,,393963,63,2894,63,,50,380,68,3,63
91WN02929, 91635675,91,63,K5675,1,68,06,611,2,2,5,5,4.0,4,4,1,99,119,17,123,94,687, 7, 0, 0, 0, 70,,,,2,1,1,0,179,1243,,,,,393963,63,2894,63,,95,698,68,1,105
91WN02930, 91635676,91,63,K5676,2,68,06,632,2,2,5,6,5.0,5,4,3,99,74,,82,27,254, 0, 0, 0, 0, 27,,,,,1,,0,145,1061,01,,186,3,392563,63,2400,63,,39,,68,6,0
91WN02931, 91635677,91,63,K5677,2,68,06,632,2,2,5,4,5.0,5,4,3,99,125,20,103,94,670, 0, 0, 0,+, 59,c-3,,,,1,,0,145,1061,,,,3,392563,63,2400,63,,91,692,68,1,94
91WN02932, 91635678,91,63,K5678,2,68,06,611,2,2,5,5,3.0,3,3,1,99,119,33,109,83,606, 5, 0, 0, 0, 62,c-1,,,2,1,1,0,177,1208,,95,,,393963,63,3172,63,,84,666,63,1,101
91WN02933, 91635679,91,63,K5679,2,68,06,611,2,2,5,5,3.0,3,3,1,99,119,29,118,73,514, 8, 0, 0, 0, 51,051,,,1,1,1,0,177,1208,92,95,262,,393963,63,3172,63,,74,571,63,2,92
91WN02934, 91635680,91,63,K5680,2,68,06,602,1,1,1,1,2.0,2,2,1,99,119,28,138,93,666, 6, 0, 0, 0, 71,c-2,,,2,1,1,0,167,1118,,,,,403663,63,4355,63,,94,643,63,1,113
91WN02935, 91635681,91,63,K5681,2,68,06,631,2,1,3,2,6.0,6,4,1,100,118,22,114,89,658, 8, 0, 0, 0, 69,c-2,,,1,1,1,0,154,1095,,,,,334663,63,1413,63,,90,639,60,1,107
91WN02936, 91635683,91,63,K5683,2,68,06,601,2,2,5,5,4.0,4,4,1,100,118,23,112,83,608, 8, 0, 0, 0, 68,c-2,,,4,1,1,0,154,1176,,95,,,388463,63,3011,63,,84,661,63,1,99
91WN02937, 91635684,91,63,K5684,3,68,06,601,2,2,5,5,4.0,4,4,1,100,118,16,112,80,583, 8, 0, 0, 0, 66,,,,2,1,1,0,154,1176,93,03,321,,388463,63,3011,63,,81,619,63,H,0
91WN02938, 91635685,91,63,K5685,2,68,06,601,3,2,8,5,5.0,5,4,1,100,118,16,92,89,676, 7, 0, 0, 0, 64,c-2,,,2,1,1,0,189,1284,,95,,,388463,63,2248,63,,90,723,61,1,102
91WN02939, 91635686,91,63,K5686,2,68,06,601,3,2,8,5,5.0,5,4,1,100,118,4,92,85,642, 4, 0, 0, 0, 58,,,,1,1,1,0,189,1284,93,95,281,,388463,63,2248,63,,86,679,61,3,99
91WN02940, 91635688,91,63,K5688,2,68,06,614,2,1,3,2,4.0,4,4,2,100,119,8,102,87,645, 8, 0, 0,+, 63,c-2,,,2,1,1,0,141,846,,,,,425163,63,2702,63,,88,603,63,1,104
91WN02941, 91635690,91,63,K5690,2,68,06,633,2,2,5,5,3.0,3,3,3,100,126,14,124,90,616, 0, 0, 0, 0, 61,c-3,,,,1,,0,162,1015,,,,3,398563,63,3760,63,,86,669,61,1,92
91WN02942, 91635691,91,63,K5691,1,68,06,633,2,2,5,5,3.0,3,3,3,100,126,14,140,88,587, 0, 0, 0, 0, 61,,,,,1,,0,162,1015,93,88,266,3,398563,63,3760,63,,84,601,61,3,87
91WN02943, 91635692,91,63,K5692,3,68,06,612,2,1,3,2,7.0,7,5,1,100,118,4,131,86,618,10, 0, 0, 0, 61,,,,2,1,1,0,178,1079,93,03,321,,431263,63,1056,63,,87,591,60,H,0
91WN02944, 91635694,91,63,K5694,2,68,06,611,2,2,5,5,4.0,4,4,1,100,118,16,100,73,534, 6, 0, 0, 0, 53,053,,,2,1,1,0,179,1241,92,,262,,393963,63,2987,63,,74,581,63,2,87
91WN02945, 91635695,91,63,K5695,2,68,06,611,2,2,5,5,4.0,4,4,1,100,118,1,103,63,447,10, 0, 0, 0, 47,,,,1,1,1,0,179,1241,93,16,281,,393963,63,2987,63,,64,482,63,3,72
91WN02946, 91635697,91,63,K5697,2,68,06,604,2,1,3,2,2.0,2,2,3,100,126,1,80,102,746, 0, 0, 0, 0, 60,c-3,,,,1,,0,167,929,,95,,3,428963,63,4153,63,,98,756,68,1,107
91WN02947, 91635698,91,63,K5698,2,68,06,602,2,2,5,5,7.0,7,5,1,100,118,5,113,79,574, 7, 0, 0, 0, 63,053,,,1,1,1,0,178,1189,92,21,262,,403663,63,0771,63,,80,647,63,2,86
91WN02948, 91635699,91,63,K5699,2,68,06,602,2,2,5,5,7.0,7,5,1,100,118,18,109,57,391, 8, 0, 0, 0, 39,,,,2,1,1,0,178,1189,93,16,281,,403663,63,0771,63,,58,475,63,3,71
91WN02949, 91635700,91,63,K5700,1,68,06,612,2,2,5,5,6.0,6,4,1,100,118,22,125,81,581, 6, 0, 0, 0, 55,,,,2,1,1,0,144,1087,93,,297,,431263,63,1426,63,,82,595,63,R,0
91WN02950, 91635701,91,63,K5701,1,68,06,612,2,2,5,5,6.0,6,4,1,100,118,35,116,54,359, 7, 0, 0, 0, 43,,,,2,1,1,0,144,1087,93,,266,,431263,63,1426,63,,55,383,63,3,65
91WN02951, 91635702,91,63,K5702,2,68,06,632,2,2,5,6,7.0,7,5,1,100,118,5,99,68,492, 4, 0, 0, 0, 52,055,,,4,1,1,0,160,1190,92,,262,,392563,63,1103,63,,69,595,61,2,83
91WN02952, 91635703,91,63,K5703,2,68,06,632,2,2,5,4,7.0,7,5,1,100,118,22,126,66,453, 6, 0, 0, 0, 51,054,,,1,1,1,0,160,1190,92,95,262,,392563,63,1103,63,,67,504,61,2,84
91WN02953, 91635704,91,63,K5704,2,68,06,603,2,1,3,2,6.0,6,4,1,100,118,34,105,84,623, 9, 0, 0, 0, 60,050,,,1,1,1,0,174,982,92,,262,,399463,63,1781,63,,85,614,68,2,101
91WN02954, 91635706,91,63,K5706,1,68,06,612,1,1,1,1,2.0,2,2,1,100,118,27,150,90,636,10, 0, 0, 0, 64,,,,1,1,1,0,167,1153,93,95,266,,431263,63,4319,63,,91,522,63,3,99
91WN02955, 91635707,91,63,K5707,2,68,06,613,2,2,5,3,4.0,4,4,1,100,118,6,124,85,615, 8, 0, 0, 0, 59,050,,,1,1,1,0,141,925,92,,262,,407663,63,2725,63,,86,617,63,2,98
91WN02956, 91635708,91,63,K5708,2,68,06,613,2,2,5,7,4.0,4,4,1,100,118,15,78,79,603, 5, 0, 0, 0, 55,PPL,,,2,1,1,0,141,925,93,99,256,,407663,63,2725,63,,80,679,63,5,98
91WN02957, 91635709,91,63,K5709,2,68,06,613,2,2,5,6,3.0,3,3,3,100,125,18,77,69,490, 0, 0, 0, 0, 45,,,,,1,,0,148,1026,93,95,281,3,407663,63,3167,63,,67,575,63,3,82
91WN02958, 91635710,91,63,K5710,2,68,06,613,2,2,5,4,3.0,3,3,3,100,125,18,103,89,630, 0, 0, 0, 0, 58,c-2,,,,1,,0,148,1026,,95,,3,407663,63,3167,63,,86,648,63,1,85
91WN02959, 91635711,91,63,K5711,2,68,06,612,1,1,1,1,4.0,4,4,3,100,125,6,131,93,639, 0, 0, 0, 0, 66,c-3,,,,1,,0,166,1075,,,,3,431263,63,2532,63,,90,567,63,1,80
91WN02960, 91635712,91,63,K5712,3,68,06,613,2,2,5,5,2.0,2,2,1,100,118,6,88,60,434, 6, 0, 0, 0, 39,,,,1,1,1,0,150,1026,93,,321,,407663,63,3872,63,,61,499,68,*,78
91WN02961, 91635713,91,63,K5713,3,68,06,613,2,2,5,5,2.0,2,2,1,100,118,11,83,73,548,10, 0, 0, 0, 53,,,,2,1,1,0,150,1026,93,,297,,407663,63,3872,63,,74,617,68,R,0
91WN02962, 91635714,91,63,K5714,1,68,06,601,1,1,1,1,4.0,4,4,1,100,118,21,134,108,802, 7, 0, 0, 0, 82,,,,1,1,2,0,154,1107,93,,266,,388463,63,2913,63,,110,646,61,3,117
91WN02963, 91635715,91,63,K5715,2,68,06,633,2,1,3,2,5.0,5,4,3,100,126,5,119,102,715, 0, 0, 0, 0, 59,c-1,,,,1,,0,156,986,,,,3,398563,63,2144,63,,98,691,61,1,104
91WN02964, 91635717,91,63,K5717,2,68,06,614,2,1,3,2,2.0,2,2,3,101,124,13,94,76,537, 0, 0, 0,?, 47,c-3,,,,1,,0,150,873,,,,3,425163,63,4174,63,,74,554,63,1,74
91WN02965, 91635719,91,63,K5719,2,68,06,611,1,1,1,1,7.0,7,5,1,101,117,25,130,91,667, 6, 0, 0, 0, 66,c-2,,,2,1,1,0,160,1049,,04,,,393963,63,0948,63,,93,637,63,1,106
91WN02966, 91635720,91,63,K5720,3,68,06,633,2,2,5,5,6.0,6,4,1,101,117,33,114,68,484, 8, 0, 0, 0, 49,,,,2,1,1,0,124,974,93,21,297,,398563,63,1266,63,,69,533,60,R,0
91WN02967, 91635721,91,63,K5721,2,68,06,633,2,2,5,5,6.0,6,4,1,101,117,19,118,70,497, 7, 0, 0, 0, 48,056,,,2,1,1,0,124,974,92,,262,,398563,63,1266,63,,71,545,60,2,78
91WN02968, 91635722,91,63,K5722,3,68,06,614,3,1,7,2,5.0,5,4,1,101,117,19,105,100,765, 7, 0, 0, 0, 74,,,,2,1,1,0,178,930,93,,281,3,425163,63,2137,63,,102,713,68,3,116
91WN02969, 91635723,91,63,K5723,3,68,06,614,3,2,8,5,5.0,5,4,3,101,124,1,102,85,603, 0, 0, 0, 0, 59,,,,,1,,0,178,930,93,,321,3,425163,63,2137,63,,83,633,68,H,0
91WN02970, 91635724,91,63,K5724,2,68,06,614,3,2,8,5,5.0,5,4,3,101,124,1,111,82,572, 0, 0, 0,?, 53,c-1,,,,1,,0,178,930,,,,3,425163,63,2137,63,,80,613,68,1,79
91WN02971, 91635725,91,63,K5725,2,68,06,612,2,2,5,5,2.0,2,2,1,101,117,11,90,58,419, 5, 0, 0, 0, 40,057,,,2,1,1,0,167,1137,92,95,262,,431263,63,4081,63,,59,498,68,2,70
91WN02972, 91635726,91,63,K5726,2,68,06,612,2,2,5,5,2.0,2,2,1,101,72,0,93,42,454, 0, 0, 0, 0, 42,,,,,1,,0,167,1137,97,,227,,431263,63,4081,63,,64,,68,7,0
91WN02973, 91635727,91,63,K5727,2,68,06,632,2,2,5,5,5.0,5,4,1,101,117,3,142,78,545, 9, 0, 0, 0, 56,051,,,1,1,1,0,167,1165,92,,262,,392563,63,1997,63,,80,580,60,2,92
91WN02974, 91635728,91,63,K5728,2,68,06,632,2,2,5,5,5.0,5,4,1,101,117,16,132,76,537, 7, 0, 0, 0, 54,052,,,2,1,1,0,167,1165,92,95,262,,392563,63,1997,63,,78,583,60,2,92
91WN02975, 91635729,91,63,K5729,2,68,06,603,2,2,5,5,2.0,2,2,1,101,117,29,101,78,580, 8, 0, 0, 0, 53,051,,,1,1,1,0,167,1167,92,,262,,399463,63,4257,63,,80,674,61,2,93
91WN02976, 91635730,91,63,K5730,3,68,06,603,2,2,5,5,2.0,2,2,2,101,118,2,93,58,413, 8, 0, 0, 0, 42,,,,2,1,1,0,167,1167,93,,321,,399463,63,4257,63,,59,462,61,*,70
91WN02977, 91635731,91,63,K5731,2,68,06,611,1,1,1,1,2.0,2,2,1,101,117,28,95,79,594, 6, 0, 0, 0, 60,050,,,4,1,1,0,150,1035,92,21,262,,393963,63,4264,63,,81,569,68,2,98
91WN02978, 91635732,91,63,K5732,3,68,06,602,2,2,5,6,4.0,4,4,3,101,124,13,96,63,431, 0, 0, 0, 0, 45,,,,,1,,0,154,1101,97,,268,3,403663,63,2466,63,,61,553,63,7,0
91WN02979, 91635733,91,63,K5733,1,68,06,602,2,2,5,4,4.0,4,4,3,101,124,14,114,92,650, 0, 0, 0, 0, 65,,,,,1,,0,154,1101,93,,266,3,403663,63,2466,63,,89,608,63,3,94
91WN02980, 91635734,91,63,K5734,2,68,06,612,1,1,1,1,4.0,4,4,1,101,117,5,95,90,688, 8, 0, 0, 0, 65,c-2,,,1,1,1,0,154,1146,,,,,431263,63,2846,63,,92,606,68,1,99
91WN02981, 91635735,91,63,K5735,2,68,06,612,1,1,1,1,6.0,6,4,1,101,117,10,125,89,654, 7, 0, 0, 0, 67,c-2,,,2,1,1,0,164,1154,,95,,,431263,63,1605,63,,91,576,63,1,105
91WN02982, 91635736,91,63,K5736,1,68,06,633,2,2,5,4,3.0,3,3,3,101,123,3,125,77,524, 0, 0, 0, 0, 52,,,,,1,,0,177,1107,93,,297,3,398563,63,3072,63,,75,469,60,R,0
91WN02983, 91635737,91,63,K5737,2,68,06,633,2,2,5,6,3.0,3,3,3,101,123,3,100,67,463, 0, 0, 0, 0, 42,,,,,1,,0,177,1107,93,,281,3,398563,63,3072,63,,66,533,60,3,74
91WN02984, 91635738,91,63,K5738,2,68,06,613,1,1,1,1,5.0,5,4,1,101,117,5,136,107,798, 8, 0, 0, 0, 76,c-4,,,2,1,1,0,145,840,,,,,407663,63,2364,63,,109,716,68,1,121
91WN02985, 91635739,91,63,K5739,1,68,06,603,1,1,1,1,2.0,2,2,3,101,124,1,125,99,698, 0, 0, 0, 0, 68,,,,,1,,0,134,903,93,,266,3,399463,63,3834,63,,96,569,63,3,96
91WN02986, 91635740,91,63,K5740,2,68,06,614,1,1,1,1,3.0,3,3,3,101,125,10,146,121,851, 0, 0, 0,+, 77,,,,,1,,0,134,956,01,,308,3,425163,63,3469,63,,117,781,63,1,123
91WN02987, 91635741,91,63,K5741,2,68,06,612,2,2,5,6,5.0,5,4,3,101,125,1,120,86,592, 0, 0, 0, 0, 57,c-4,,,,1,,0,189,1134,,,,3,431263,63,1864,63,,83,665,63,1,91
91WN02988, 91635742,91,63,K5742,1,68,06,612,2,2,5,4,5.0,5,4,3,101,125,1,145,108,748, 0, 0, 0, 0, 68,,,,,1,,0,189,1134,,,,3,431263,63,1864,63,,104,696,63,1,106
91WN02989, 91635743,91,63,K5743,2,68,06,611,1,1,1,1,3.0,3,3,1,101,117,7,141,93,674, 6, 0, 0, 0, 72,c-3,,,1,1,1,0,162,1227,,95,,,393963,63,3752,63,,95,592,63,1,102
91WN02990, 91635744,91,63,K5744,3,68,06,631,1,1,1,1,3.0,3,3,1,101,117,25,123,95,707,11, 0, 0, 0, 70,,,,1,1,1,0,162,1246,93,21,281,,334663,63,3062,63,,97,594,60,3,111
91WN02991, 91635745,91,63,K5745,2,68,06,602,2,2,5,5,3.0,3,3,3,102,122,19,111,89,639, 0, 0, 0, 0, 60,c-3,,,,1,,0,177,1221,,95,,3,403663,63,3402,63,,88,691,61,1,88
91WN02992, 91635746,91,63,K5746,2,68,06,602,2,2,5,5,3.0,3,3,3,102,122,19,129,88,616, 0, 0, 0, 0, 59,c-2,,,,1,,0,177,1221,,21,,3,403663,63,3402,63,,87,668,61,1,95
91WN02993, 91635747,91,63,K5747,3,68,06,603,2,2,5,6,3.0,3,3,3,102,122,10,104,69,480, 0, 0, 0, 0, 60,,,,,1,,0,162,1131,95,,281,3,399463,63,3098,63,,68,595,61,3,68
91WN02994, 91635748,91,63,K5748,1,68,06,603,2,2,5,4,3.0,3,3,3,102,122,8,124,100,718, 0, 0, 0, 0, 66,,,,,1,,0,162,1131,,,,3,399463,63,3098,63,,99,666,61,1,97
91WN02995, 91635749,91,63,K5749,1,68,06,602,2,1,3,2,5.0,5,4,1,102,116,35,142,106,791, 7, 0, 0, 0, 82,,,,2,1,1,0,167,1192,,,,,403663,63,2313,63,,109,648,63,1,123
91WN02996, 91635750,91,63,K5750,3,68,06,614,2,2,5,6,2.0,2,2,3,102,124,10,69,86,638, 0, 0, 0, 0, 49,,,,,1,,0,167,1215,93,,281,3,425163,63,3979,63,,83,795,68,3,89
91WN02997, 91635751,91,63,K5751,3,68,06,614,2,2,5,4,2.0,2,2,3,102,124,10,89,83,598, 0, 0, 0, 0, 50,,,,,1,,0,167,1215,93,,321,3,425163,63,3979,63,,81,667,68,H,0
91WN02998, 91635752,91,63,K5752,1,68,06,613,2,2,5,5,3.0,3,3,3,102,122,14,135,100,709, 0, 0, 0, 0, 69,,,,,1,,0,162,1033,93,,266,3,407663,63,3126,63,,99,718,60,3,99
91WN02999, 91635753,91,63,K5753,2,68,06,613,2,2,5,5,3.0,3,3,3,102,122,14,121,79,548, 0, 0, 0, 0, 52,c-4,,,,1,,0,162,1033,,,,3,407663,63,3126,63,,78,596,60,1,81
91WN03000, 91635754,91,63,K5754,1,68,06,631,1,1,1,1,5.0,5,4,1,102,116,16,159,103,751,10, 0, 0, 0, 85,,,,2,1,1,0,178,1156,93,,266,,334663,63,2196,63,,106,588,61,3,108
91WN03001, 91635756,91,63,K5756,2,68,06,612,1,1,1,1,2.0,2,2,3,102,124,13,136,88,600, 0, 0, 0, 0, 61,c-1,,,,1,,0,150,1095,,95,,3,431263,63,4130,63,,86,570,60,1,91
91WN03002, 91635757,91,63,K5757,2,68,06,601,1,1,1,1,2.0,2,2,1,102,116,1,118,81,597, 7, 0, 0, 0, 61,c-2,,,1,1,1,0,150,1102,,,,,388463,63,4285,63,,83,548,63,1,91
91WN03003, 91635762,91,63,K5762,1,68,06,632,2,1,3,2,5.0,5,4,1,102,116,24,132,97,722, 8, 0, 0, 0, 73,,,,2,1,2,0,167,1138,93,21,266,,392563,63,2145,63,,100,570,61,3,116
91WN03004, 91635763,91,63,K5763,2,68,06,614,1,1,1,1,4.0,4,4,1,102,116,20,141,90,654, 5, 0, 0, 0, 66,050,,,2,1,1,0,141,709,92,,262,,425163,63,2613,63,,93,583,63,2,103
91WN03005, 91635764,91,63,K5764,1,68,06,631,1,1,1,1,2.0,2,2,1,102,116,4,144,99,729, 8, 0, 0, 0, 73,,,,2,1,1,0,167,1054,93,,266,,334663,63,4366,63,,102,594,68,3,109
91WN03006, 91635765,91,63,K5765,1,68,06,604,3,1,7,2,4.0,4,4,4,102,110,1,108,93,747, 6, 0, 0, 0,  0,,,,1,1,1,0,154,821,93,,266,,428963,63,2505,63,,100,556,63,3,103
91WN03007, 91635766,91,63,K5766,2,68,06,614,1,1,1,1,2.0,2,2,3,102,123,19,120,100,715, 0, 0, 0,+, 65,c-1,,,,1,,0,167,1084,,,,3,425163,63,3844,63,,98,689,60,1,100
91WN03008, 91635769,91,63,K5769,1,68,06,603,2,2,5,5,3.0,3,3,3,102,124,6,126,89,616, 0, 0, 0, 0, 59,,,,,1,,0,148,1028,93,,266,3,399463,63,3644,63,,87,621,63,3,90
91WN03009, 91635770,91,63,K5770,1,68,06,603,2,2,5,5,3.0,3,3,3,102,124,6,128,95,663, 0, 0, 0, 0, 63,,,,,1,,0,148,1028,,,,3,399463,63,3644,63,,92,668,63,1,99
91WN03010, 91635771,91,63,K5771,2,68,06,603,1,1,1,1,2.0,2,2,1,102,116,3,118,87,648, 8, 0, 0,+, 64,c-3,,,1,1,1,0,150,1065,,,,,399463,63,4074,63,,90,601,61,1,101
91WN03011, 91635774,91,63,K5774,1,68,06,602,1,1,1,1,2.0,2,2,3,102,122,3,140,112,803, 0, 0, 0, 0, 74,,,,,1,,0,167,1134,93,,266,3,403663,63,4136,63,,110,673,61,3,115
91WN03012, 91635775,91,63,K5775,1,68,06,614,2,2,5,5,3.0,3,3,1,103,115,35,132,77,555, 7, 0, 0, 0, 73,,,,1,1,1,0,177,1005,93,,297,,425163,63,3753,63,,80,574,63,R,0
91WN03013, 91635776,91,63,K5776,2,68,06,614,2,2,5,5,3.0,3,3,1,103,115,35,116,72,525, 8, 0, 0, 0, 50,052,,,1,1,1,0,177,1005,92,,262,,425163,63,3753,63,,75,582,63,2,90
91WN03014, 91635778,91,63,K5778,3,68,06,634,3,2,8,5,7.0,7,5,1,103,115,1,92,86,668, 9, 0, 0, 0, 59,,,,1,1,1,0,187,1121,93,,321,,422863,63,0993,63,,89,723,61,H,0
91WN03015, 91635779,91,63,K5779,3,68,06,634,3,2,8,5,7.0,7,5,1,103,115,1,91,78,599, 9, 0, 0, 0, 53,,,,1,1,1,0,187,1121,93,,297,,422863,63,0993,63,,81,654,61,R,0
91WN03016, 91635780,91,63,K5780,3,68,06,614,2,2,5,5,3.0,3,3,3,103,122,1,136,92,643, 0, 0, 0, 0, 60,,,,,1,,0,148,1090,93,,281,3,425163,63,3235,63,,91,669,60,3,87
91WN03017, 91635781,91,63,K5781,2,68,06,614,2,2,5,5,3.0,3,3,3,103,122,1,132,95,670, 0, 0, 0,+, 58,c-2,,,,1,,0,148,1090,,95,,3,425163,63,3235,63,,94,707,60,1,79
91WN03018, 91635783,91,63,K5783,2,68,06,603,3,1,7,2,3.0,3,3,1,103,115,26,82,68,520, 9, 0, 0, 0, 46,056,,,2,1,1,0,205,832,92,,262,,399463,63,3203,63,,71,498,63,2,79
91WN03019, 91635785,91,63,K5785,3,68,06,613,1,1,1,1,3.0,3,3,3,103,123,1,135,113,809, 0, 0, 0, 0, 71,,,,,1,,0,134,938,93,95,281,3,407663,63,3808,63,,111,683,63,3,117
91WN03020, 91635786,91,63,K5786,2,68,06,632,2,1,3,2,2.0,2,2,3,103,121,16,106,89,648, 0, 0, 0,+, 58,c-3,,,,1,,0,167,1097,,21,,3,392563,63,4046,63,,88,664,61,1,81
91WN03021, 91635788,91,63,K5788,2,68,06,633,2,2,5,6,4.0,4,4,3,103,122,18,111,87,622, 0, 0, 0, 0, 58,c-1,,,,1,,0,179,1137,,21,,3,398563,63,2916,63,,86,705,61,1,89
91WN03022, 91635789,91,63,K5789,3,68,06,633,2,2,5,4,4.0,4,4,3,103,122,17,148,91,625, 0, 0, 0, 0, 60,,,,,1,,0,179,1137,93,,281,3,398563,63,2916,63,,90,660,61,3,90
91WN03023, 91635790,91,63,K5790,2,68,06,632,2,2,5,6,4.0,4,4,1,103,115,8,107,72,533, 5, 0, 0, 0, 48,052,,,1,1,1,0,154,1146,92,,262,,392563,63,2624,63,,75,600,60,2,89
91WN03024, 91635791,91,63,K5791,3,68,06,632,2,2,5,4,4.0,4,4,1,103,115,34,131,72,512, 6, 0, 0, 0, 54,,,,2,1,1,0,154,1146,93,21,297,,392563,63,2624,63,,75,554,60,R,0
91WN03025, 91635792,91,63,K5792,3,68,06,611,2,2,5,6,2.0,2,2,1,103,115,6,87,65,490, 8, 0, 0, 0, 42,,,,1,1,1,0,167,1229,93,,297,,393963,63,4049,63,,67,633,63,R,0
91WN03026, 91635793,91,63,K5793,3,68,06,611,2,2,5,4,2.0,2,2,1,103,115,4,108,77,576, 8, 0, 0, 0, 54,,,,2,1,1,0,167,1229,93,,297,,393963,63,4049,63,,80,630,63,R,0
91WN03027, 91635795,91,63,K5795,2,68,06,633,3,2,8,5,2.0,2,2,3,104,122,5,101,72,507, 0, 0, 0, 0, 46,,,,,1,,0,184,1204,93,,281,3,398563,63,3987,63,,71,586,61,3,74
91WN03028, 91635796,91,63,K5796,3,68,06,633,3,2,8,5,2.0,2,2,3,104,122,5,103,78,555, 0, 0, 0, 0, 50,,,,,1,,0,184,1204,93,,321,3,398563,63,3987,63,,77,623,61,H,0
91WN03029, 91635797,91,63,K5797,2,68,06,603,1,1,1,1,4.0,4,4,1,104,114,22,134,98,742, 8, 0, 0,+, 74,c-3,,,1,1,1,0,141,1042,,95,,,399463,63,2994,63,,102,671,61,1,108
91WN03030, 91635798,91,63,K5798,2,68,06,602,1,1,1,1,3.0,3,3,3,104,121,15,148,105,745, 0, 0, 0, 0, 73,c-3,,,,1,,0,148,1039,,95,,3,403663,63,3745,63,,104,674,63,1,116
91WN03031, 91635799,91,63,K5799,2,68,06,632,1,1,1,1,3.0,3,3,3,104,121,5,160,108,760, 0, 0, 0,?, 76,c-3,,,,1,,0,148,1080,,,,3,392563,63,3236,63,,107,680,60,1,99
91WN03032, 91635800,91,63,K5800,2,68,06,632,1,1,1,1,2.0,2,2,3,104,120,19,113,102,756, 0, 0, 0,+, 65,c-4,,,,1,,0,150,1063,,,,3,392563,63,3960,63,,102,726,68,1,107
91WN03033, 91635801,91,63,K5801,1,68,06,612,2,2,5,5,3.0,3,3,3,104,121,15,132,71,478, 0, 0, 0, 0, 50,,,,,1,,0,177,1158,93,95,297,3,431263,63,3312,63,,71,487,60,R,0
91WN03034, 91635802,91,63,K5802,2,68,06,612,2,2,5,5,3.0,3,3,3,104,121,18,115,79,558, 0, 0, 0, 0, 53,c-2,,,,1,,0,177,1158,,95,,3,431263,63,3312,63,,78,608,60,1,76
91WN03035, 91635803,91,63,K5803,2,68,06,632,2,2,5,6,7.0,7,5,1,105,113,26,98,51,365, 6, 0, 0, 0, 39,OUT,,,1,1,1,0,151,1179,93,,281,,392563,63,0998,63,,54,480,60,3,65
91WN03036, 91635804,91,63,K5804,3,68,06,632,2,2,5,4,7.0,7,5,1,105,113,33,128,84,630, 6, 0, 0, 0, 62,,,,1,1,1,0,151,1179,93,,321,,392563,63,0998,63,,88,704,60,H,0
91WN03037, 91635805,91,63,K5805,2,68,06,632,2,1,3,2,6.0,6,4,3,105,119,8,122,98,721, 0, 0, 0,+, 61,c-3,,,,1,,0,164,1106,,95,,3,392563,63,1702,63,,99,690,61,1,94
91WN03038, 91635807,91,63,K5807,2,68,06,614,2,2,5,5,2.0,2,2,2,105,114,17,95,64,478, 6, 0, 0, 0, 51,056,,,1,1,1,0,150,1054,92,,262,,425163,63,4220,63,,67,546,60,2,79
91WN03039, 91635808,91,63,K5808,3,68,06,614,2,2,5,5,2.0,2,2,2,105,114,23,103,79,603, 8, 0, 0, 0, 51,,,,2,1,2,0,150,1054,93,,321,,425163,63,4220,63,,83,665,60,H,0
91WN03040, 91635809,91,63,K5809,3,68,06,613,2,1,3,2,2.0,2,2,3,105,121,1,92,108,817, 0, 0, 0, 0, 67,,,,,1,,0,150,945,93,,281,3,407663,63,3903,63,,107,792,63,3,114
91WN03041, 91635811,91,63,K5811,2,68,06,612,3,1,7,2,7.0,7,5,1,105,113,23,98,70,533, 6, 0, 0, 0, 52,055,,,2,1,1,0,197,1074,92,,262,,431263,63,1171,63,,74,544,63,2,83
91WN03042, 91635813,91,63,K5813,2,68,06,612,3,1,7,2,7.0,7,5,4,105,107,1,100,97,813, 7, 0, 0, 0,  0,c-3,,,1,1,1,0,197,1074,,,,,431263,63,1171,63,,108,786,63,1,105
91WN03043, 91635814,91,63,K5814,1,68,06,633,2,1,3,2,5.0,5,4,3,106,119,6,165,116,836, 0, 0, 0, 0, 77,,,,,1,,0,156,1018,,,,3,398563,63,2021,63,,117,671,60,1,116
91WN03044, 91635816,91,63,K5816,2,68,06,612,3,1,7,2,6.0,6,4,2,106,113,8,125,101,783, 8, 0, 0, 0, 66,c-4,,,1,1,1,0,184,1062,,95,,,431263,63,1759,63,,106,733,68,1,102
91WN03045, 91635819,91,63,K5819,1,68,06,602,2,2,5,5,5.0,5,4,2,106,113,23,120,74,549, 8, 0, 0, 0, 58,,,,2,1,1,0,178,1346,93,,297,,403663,63,2325,63,,78,545,61,R,0
91WN03046, 91635820,91,63,K5820,1,68,06,602,2,2,5,5,5.0,5,4,2,106,113,28,115,86,659, 6, 0, 0, 0, 67,,,,2,1,1,0,178,1346,93,,266,,403663,63,2325,63,,91,659,61,3,89
91WN03047, 91635821,91,63,K5821,3,68,06,603,2,2,5,4,4.0,4,4,2,107,112,1,125,79,594, 9, 0, 0, 0, 57,,,,2,1,1,0,154,1067,93,,297,,399463,63,2798,63,,84,592,63,R,0
91WN03048, 91635822,91,63,K5822,3,68,06,603,2,2,5,6,4.0,4,4,2,107,112,7,103,44,301, 9, 0, 0, 0, 32,,,,1,1,1,0,154,1067,93,45,281,,399463,63,2798,63,,46,391,63,3,56
91WN03049, 91635823,91,63,K5823,1,68,06,632,2,2,5,5,5.0,5,4,3,108,117,18,144,95,689, 0, 0, 0, 0, 59,,,,,1,,0,156,1169,93,,266,3,392563,63,2038,63,,97,697,60,3,100
91WN03050, 91635824,91,63,K5824,1,68,06,632,2,2,5,5,5.0,5,4,3,108,117,19,133,95,698, 0, 0, 0, 0, 60,,,,,1,,0,156,1169,93,,266,3,392563,63,2038,63,,97,707,60,3,92
91WN03051, 91810448,91,81,Z0448,2,00,58,-0-,2,1,3,2,1.0,1,1,1,86,132,10,74,66,444, 0, 0, 0, 0, 51,PPL,,,,5,,0,206,1179,93,,256,,000097,97,9619,80,,61,466,55,5,75
91WN03052, 91810451,91,81,Z0451,2,00,58,-0-,2,1,3,2,1.0,1,1,4,88,124,1,79,89,654, 0, 0, 0, 0,  0,PPL,,,,5,,0,206,1143,93,,256,,000097,97,9649,80,,86,684,55,5,95
91WN03053, 91810452,91,81,Z0452,3,00,58,-0-,1,1,1,1,1.0,1,1,1,88,130,29,129,103,693, 0, 0, 0, 0, 80,,,,,5,,0,196,1251,93,,281,,000097,97,9724,80,,96,661,55,3,124
91WN03054, 91810453,91,81,Z0453,3,00,58,-0-,2,1,3,2,1.0,1,1,1,88,130,22,62,74,522, 0, 0, 0, 0, 57,,,,,5,,0,206,1195,93,,281,,000097,97,9611,80,,69,493,55,3,86
91WN03055, 91810455,91,81,Z0455,3,00,58,-0-,1,1,1,1,1.0,1,1,1,89,129,2,100,94,651, 0, 0, 0, 0, 72,,,,,5,,0,196,1237,93,,281,,000097,97,9818,80,,88,622,55,3,107
91WN03056, 91810456,91,81,Z0456,2,55,55,XC.,1,1,1,1,1.0,1,1,1,89,129,7,53,79,571, 7, 0, 0, 0, 58,061,,,2,1,1,0,160,1102,92,,262,,000080,80,4832,63,,74,522,68,2,86
91WN03057, 91810457,91,81,Z0457,2,00,58,-0-,1,1,1,1,1.0,1,1,1,89,129,16,96,97,678, 0, 0, 0, 0, 78,PPL,,,,5,,0,196,1243,93,,256,,000097,97,9849,80,,91,677,55,5,113
91WN03058, 91810458,91,81,Z0458,2,00,58,-0-,2,1,3,2,1.0,1,1,1,89,129,16,64,76,540, 0, 0, 0, 0, 55,PPL,,,,5,,0,206,1201,93,,256,,000097,97,9603,80,,71,564,55,5,91
91WN03059, 91810462,91,81,Z0462,1,55,55,XT.,1,1,1,1,1.0,1,1,1,90,128,10,88,85,595, 5, 0, 0, 0, 65,,,,2,1,1,0,158,988,93,,266,,000080,80,1063,44,,80,508,42,3,93
91WN03060, 91810463,91,81,Z0463,2,55,55,XT.,1,1,1,1,1.0,1,1,1,90,128,5,76,74,519, 6, 0, 0, 0, 63,062,,,1,1,1,0,158,986,92,,262,,000080,80,1524,44,,70,472,41,2,83
91WN03061, 91810466,91,81,Z0466,2,97,97,297,1,1,1,1,4.0,4,4,4,91,121,1,132,113,825, 3, 0, 0, 0,  0,973,,,3,6,1,0,125,1043,,,,4,422480,80,3517,80,,112,739,97,1,111
91WN03062, 91810467,91,81,Z0467,1,97,97,397,2,2,5,5,2.0,2,2,4,91,121,1,100,112,843, 3, 0, 0, 0,  0,,,,1,6,1,0,200,1455,,,,4,656980,80,8284,80,,111,864,97,1,119
91WN03063, 91810468,91,81,Z0468,1,97,97,397,2,2,5,5,2.0,2,2,4,91,121,1,93,97,725, 3, 0, 0, 0,  0,,,,1,6,1,0,200,1455,,,,4,656980,80,8284,80,,96,746,97,1,109
91WN03064, 91810472,91,81,Z0472,3,55,55,XC.,2,2,5,5,1.0,1,1,1,91,127,18,60,45,307,13, 0, 0, 0, 32,,,,3,1,1,0,170,1174,93,,281,,000080,80,4447,63,,43,392,68,3,55
91WN03065, 91810473,91,81,Z0473,3,55,55,XC.,2,2,5,5,1.0,1,1,1,91,127,28,64,70,501, 7, 0, 0, 0, 53,,,,2,1,1,0,170,1174,93,,321,,000080,80,4447,63,,66,591,68,*,85
91WN03066, 91810474,91,81,Z0474,3,55,55,XT.,1,1,1,1,1.0,1,1,1,91,127,21,92,89,628, 0, 0, 0, 0, 67,,,,,3,,0,158,1018,93,,281,,000080,80,1075,44,,85,592,41,3,109
91WN03067, 91810476,91,81,Z0476,2,55,55,XT.,1,1,1,1,1.0,1,1,1,91,127,1,78,63,435, 7, 0, 0, 0, 47,064,,,1,1,1,0,158,964,92,,262,,000080,80,1441,44,,60,389,41,2,73
91WN03068, 91810477,91,81,Z0477,3,55,55,XC.,1,1,1,1,1.0,1,1,1,91,127,21,74,80,572, 8, 0, 0, 0, 55,,,,1,1,1,0,160,1108,93,,321,,000080,80,4853,63,,76,536,68,*,92
91WN03069, 91810478,91,81,Z0478,3,55,55,XC.,1,1,1,1,1.0,1,1,1,91,127,33,68,86,624, 6, 0, 0, 0, 64,,,,2,1,1,0,160,1122,93,,281,,000080,80,4842,63,,82,593,68,*,102
91WN03070, 91810479,91,81,Z0479,2,00,58,-0-,1,1,1,1,1.0,1,1,1,91,127,32,105,97,681, 0, 0, 0, 0, 53,PPL,,,,5,,0,196,1245,93,,256,,000097,97,9646,80,,92,680,55,5,90
91WN03071, 91810480,91,81,Z0480,2,00,58,-0-,2,1,3,2,1.0,1,1,1,91,127,17,91,87,613, 0, 0, 0, 0, 70,PPL,,,,5,,0,206,1227,93,21,256,,000097,97,9642,80,,83,639,55,5,107
91WN03072, 91810482,91,81,Z0482,1,97,97,597,2,2,5,5,1.0,1,1,4,91,121,1,102,82,593, 5, 0, 0, 0,  0,,,,1,6,2,0,200,1860,93,,266,,829280,80,9624,80,,81,756,97,3,88
91WN03073, 91810483,91,81,Z0483,2,97,97,597,2,2,5,5,1.0,1,1,4,91,121,1,100,74,529, 3, 0, 0, 0,  0,PPL,,,1,6,1,0,200,1860,93,,256,,829280,80,9624,80,,73,749,97,5,80
91WN03074, 91810484,91,81,Z0484,2,97,97,597,2,1,3,2,1.0,1,1,4,92,120,1,81,97,741, 3, 0, 0, 0,  0,973,,,1,6,1,0,200,1180,,,,,829280,80,9773,80,,97,835,97,1,108
91WN03075, 91810486,91,81,Z0486,2,00,58,-0-,2,1,3,2,1.0,1,1,1,92,126,17,82,85,610, 0, 0, 0, 0, 65,PPL,,,,5,,0,206,1223,93,,256,,000097,97,9599,80,,81,637,55,5,103
91WN03076, 91810488,91,81,Z0488,1,55,55,XT.,2,1,3,2,1.0,1,1,1,92,126,1,95,99,710, 9, 0, 0, 0, 72,,,,1,1,5,0,168,1020,93,,266,,000080,80,1129,44,,95,617,48,3,113
91WN03077, 91810490,91,81,Z0490,2,55,55,XT.,2,1,3,2,1.0,1,1,1,92,126,17,65,76,552, 3, 0, 0, 0, 57,061,,,1,1,1,0,168,994,92,,262,,000080,80,1332,44,,73,539,48,2,85
91WN03078, 91810492,91,81,Z0492,3,55,55,XC.,2,1,3,2,1.0,1,1,1,92,126,1,72,75,538, 0, 0, 0, 0, 57,,,,,1,,0,170,1098,93,14,321,,000080,80,4522,63,,72,498,68,*,85
91WN03079, 91810497,91,81,Z0497,1,55,55,XC.,1,1,1,1,1.0,1,1,1,92,126,29,86,88,630, 6, 0, 0, 0, 62,,,,2,1,2,0,160,1108,93,,266,,000080,80,4589,63,,84,558,68,3,96
91WN03080, 91810503,91,81,Z0503,2,00,58,-0-,2,1,3,2,1.0,1,1,1,92,126,26,82,78,554, 0, 0, 0, 0, 59,PPL,,,,5,,0,206,1209,93,,256,,000097,97,9552,80,,75,580,55,5,96
91WN03081, 91810506,91,81,Z0506,2,97,97,397,3,2,8,4,3.0,3,3,4,93,119,1,97,103,784, 3, 0, 0, 0,  0,974,,,1,6,1,0,233,1307,,,,4,656980,80,5936,80,,104,777,97,1,113
91WN03082, 91810507,91,81,Z0507,1,97,97,397,3,2,8,6,3.0,3,3,4,93,119,1,80,108,840, 3, 0, 0, 0,  0,,,,1,6,1,0,233,1307,,,,4,656980,80,5936,80,,109,828,97,1,115
91WN03083, 91810512,91,81,Z0512,1,97,97,397,2,1,3,2,3.0,3,3,4,93,119,1,98,117,901, 3, 0, 0, 0,  0,,,,1,6,1,0,167,1340,,,,4,656980,80,6211,80,,118,756,97,1,125
91WN03084, 91810513,91,81,Z0513,1,97,97,297,2,2,5,5,5.0,5,4,4,93,119,1,93,99,754, 3, 0, 0, 0,  0,,,,1,6,1,0,200,1030,,,,4,422480,80,1029,80,,100,763,97,1,101
91WN03085, 91810514,91,81,Z0514,2,97,97,297,2,2,5,5,5.0,5,4,4,93,119,1,94,94,711, 3, 0, 0, 0,  0,973,,,4,6,1,0,200,1030,,,,4,422480,80,1029,80,,95,777,97,1,98
91WN03086, 91810515,91,81,Z0515,1,55,55,XC.,1,1,1,1,1.0,1,1,1,93,125,20,97,106,770, 6, 0, 0, 0, 77,,,,2,1,7,0,160,1144,93,,266,,000080,80,4605,63,,102,696,68,3,115
91WN03087, 91810516,91,81,Z0516,2,55,55,XT.,1,1,1,1,1.0,1,1,1,93,125,26,92,71,494, 6, 0, 0, 0, 57,PPL,,,5,1,1,0,158,986,93,,256,,000080,80,1472,44,,69,465,41,5,87
91WN03088, 91810519,91,81,Z0519,2,55,55,XC.,2,1,3,2,1.0,1,1,1,93,125,5,84,81,581, 5, 0, 0, 0, 55,059,,,2,1,1,0,170,1112,93,,281,,000080,80,4667,63,,78,565,68,2,93
91WN03089, 91810520,91,81,Z0520,2,55,55,XT.,1,1,1,1,1.0,1,1,1,93,125,19,108,88,618, 4, 0, 0, 0, 66,OUT,,,2,1,1,0,158,1020,93,95,281,,000080,80,1024,44,,85,586,41,3,100
91WN03090, 91810521,91,81,Z0521,2,55,55,XT.,1,1,1,1,1.0,1,1,1,93,125,1,105,82,572, 5, 0, 0, 0, 62,059,,,1,1,1,0,158,1006,93,,281,,000080,80,1458,44,,79,531,48,2,93
91WN03091, 91810522,91,81,Z0522,2,55,55,XC.,2,1,3,2,1.0,1,1,1,93,125,8,101,84,591, 3, 0, 0, 0, 62,058,,,2,1,1,0,170,1118,92,,262,,000080,80,5082,63,,81,577,68,2,96
91WN03092, 91810525,91,81,Z0525,2,55,55,XC.,2,1,3,2,1.0,1,1,1,93,125,35,91,76,535, 8, 0, 0, 0, 60,060,,,2,1,1,0,170,1106,92,,262,,000080,80,4570,63,,73,534,68,2,89
91WN03093, 91810527,91,81,Z0527,2,55,55,XT.,2,1,3,2,1.0,1,1,1,93,125,28,76,74,531, 8, 0, 0, 0, 58,060,,,2,1,1,0,168,994,92,95,262,,000080,80,1125,44,,71,526,48,2,89
91WN03094, 91810530,91,81,Z0530,3,55,55,XC.,1,1,1,1,1.0,1,1,1,93,125,6,116,102,723, 7, 0, 0, 0, 77,,,,1,1,1,0,160,1154,93,21,281,,000080,80,4573,63,,98,685,68,3,120
91WN03095, 91810531,91,81,Z0531,2,00,58,-0-,1,1,1,1,1.0,1,1,1,93,125,22,120,92,640, 0, 0, 0, 0, 71,PPL,,,,5,,0,196,1239,93,,256,,000097,97,9978,80,,89,642,55,5,111
91WN03096, 91810532,91,81,Z0532,2,55,55,XC.,3,2,8,6,1.0,1,1,1,93,125,34,61,53,375, 6, 0, 0, 0, 34,,,,2,3,1,0,180,1250,93,,281,,000080,80,4850,63,,51,481,68,3,65
91WN03097, 91810533,91,81,Z0533,2,55,55,XC.,3,2,8,4,1.0,1,1,1,93,125,20,78,58,402, 4, 0, 0, 0, 46,,,,1,2,1,0,180,1250,93,02,281,,000080,80,4850,63,,56,501,68,3,70
91WN03098, 91810534,91,81,Z0534,3,55,55,XC.,3,1,7,2,1.0,1,1,1,93,125,29,71,73,527, 5, 0, 0, 0, 56,,,,2,2,1,0,180,1250,93,,321,,000080,80,4850,63,,70,503,68,*,89
91WN03099, 91810535,91,81,Z0535,2,55,55,XT.,2,1,3,2,1.0,1,1,1,93,125,6,103,88,622, 4, 0, 0, 0, 66,058,,,2,1,1,0,168,1018,92,,262,,000080,80,1221,44,,85,607,48,2,99
91WN03100, 91810537,91,81,Z0537,3,55,55,XT.,1,1,1,1,1.0,1,1,1,93,125,22,100,73,504, 6, 0, 0, 0, 61,,,,1,1,1,0,158,990,93,95,321,,000080,80,1029,44,,70,474,41,*,85
91WN03101, 91810538,91,81,Z0538,2,00,58,-0-,1,1,1,1,1.0,1,1,1,93,125,3,120,94,656, 0, 0, 0, 0, 69,PPL,,,,5,,0,196,1245,93,,256,,000097,97,0208,81,,91,660,55,5,111
91WN03102, 91810539,91,81,Z0539,3,55,55,XC.,2,1,3,2,1.0,1,1,1,93,125,17,91,68,471, 6, 0, 0, 0, 67,,,,2,1,1,0,170,1086,93,,321,,000080,80,5054,63,,66,441,68,*,86
91WN03103, 91810541,91,81,Z0541,2,97,97,397,1,1,1,1,2.0,2,2,4,93,119,1,93,97,737, 3, 0, 0, 0,  0,974,,,1,6,1,0,100,910,,,,4,656980,80,8382,80,,98,662,97,1,107
91WN03104, 91810542,91,81,Z0542,3,00,58,-0-,1,1,1,1,1.0,1,1,1,93,125,21,89,101,737, 0, 0, 0, 0, 75,,,,,5,,0,196,1255,93,,281,,000097,97,0236,81,,97,710,55,3,122
91WN03105, 91810543,91,81,Z0543,2,97,97,197,1,1,1,1,3.0,3,3,4,93,119,1,164,127,929, 3, 0, 0, 0,  0,974,,,1,6,1,0,100,1203,,,,4,398880,80,5923,80,,128,871,97,1,130
91WN03106, 91810544,91,81,Z0544,2,97,97,397,2,2,5,5,2.0,2,2,4,93,119,1,98,87,649, 3, 0, 0, 0,  0,974,,,1,6,1,0,150,1385,,,,4,656980,80,8180,80,,88,726,97,1,96
91WN03107, 91810545,91,81,Z0545,2,97,97,397,2,2,5,5,2.0,2,2,4,93,119,1,102,88,654, 3, 0, 0, 0,  0,974,,,1,6,1,0,150,1385,,,,4,656980,80,8180,80,,89,731,97,1,96
91WN03108, 91810546,91,81,Z0546,1,97,97,197,2,2,5,5,2.0,2,2,4,93,119,1,111,97,722, 5, 0, 0, 0,  0,,,,1,6,1,0,150,1470,93,,266,4,398880,80,8254,80,,98,743,97,3,109
91WN03109, 91810547,91,81,Z0547,2,97,97,197,2,2,5,5,2.0,2,2,4,93,119,1,105,100,752, 3, 0, 0, 0,  0,974,,,1,6,1,0,150,1470,97,21,311,4,398880,80,8254,80,,101,829,97,1,107
91WN03110, 91810549,91,81,Z0549,2,55,55,XC.,2,1,3,2,1.0,1,1,1,94,124,17,62,84,627, 4, 0, 0, 0, 63,058,,,2,1,1,0,170,1122,92,95,262,,000080,80,4711,63,,81,620,68,2,99
91WN03111, 91810551,91,81,Z0551,2,55,55,XT.,1,1,1,1,1.0,1,1,1,94,124,20,102,72,498, 7, 0, 0, 0, 51,062,,,1,1,1,0,158,990,92,,262,,000080,80,0972,44,,70,469,41,2,84
91WN03112, 91810552,91,81,Z0552,1,97,97,197,1,1,1,1,4.0,4,4,4,94,118,1,163,150,999, 3, 0, 0, 0,  0,,,,2,6,1,0,100,1043,,,,4,398880,80,3829,80,,152,862,97,1,144
91WN03113, 91810557,91,81,Z0557,1,55,55,XT.,2,1,3,2,1.0,1,1,2,94,125,22,108,72,490, 8, 0, 0, 0, 53,,,,1,1,1,0,168,968,93,,266,,000080,80,1093,44,,70,403,48,3,84
91WN03114, 91810558,91,81,Z0558,3,00,58,-0-,3,2,8,5,1.0,1,1,2,94,125,2,74,89,653, 0, 0, 0, 0, 63,,,,,5,,0,216,1401,93,,281,,000097,97,9662,80,,86,759,55,3,102
91WN03115, 91810559,91,81,Z0559,2,00,58,-0-,3,2,8,5,1.0,1,1,2,94,125,1,76,85,619, 0, 0, 0, 0, 61,PPL,,,,5,,0,216,1401,93,,256,,000097,97,9662,80,,82,737,55,5,99
91WN03116, 91810561,91,81,Z0561,1,55,55,XT.,1,1,1,1,1.0,1,1,1,94,124,1,121,91,636, 0, 0, 0, 0, 60,,,,,1,,0,158,1006,97,,242,,000080,80,1250,44,,88,556,48,3,0
91WN03117, 91810564,91,81,Z0564,2,55,55,XC.,1,1,1,1,1.0,1,1,1,94,124,11,89,82,590, 6, 0, 0, 0, 61,060,,,1,1,1,0,160,1116,92,,262,,000080,80,4471,63,,80,557,68,2,90
91WN03118, 91810566,91,81,Z0566,3,00,58,-0-,2,1,3,2,1.0,1,1,1,94,124,12,83,89,651, 0, 0, 0, 0, 64,,,,,5,,0,206,1233,93,,281,,000097,97,9691,80,,86,628,55,3,105
91WN03119, 91810567,91,81,Z0567,3,00,58,-0-,1,1,1,1,1.0,1,1,1,94,124,34,118,108,776, 0, 0, 0, 0, 84,,,,,5,,0,196,1269,93,,281,,000097,97,9835,80,,105,749,55,3,128
91WN03120, 91810569,91,81,Z0569,2,00,58,-0-,1,1,1,1,1.0,1,1,2,94,125,26,95,86,612, 0, 0, 0, 0, 70,PPL,,,,5,,0,196,1221,93,,256,,000097,97,0143,81,,83,591,55,5,98
91WN03121, 91810571,91,81,Z0571,2,55,55,XC.,3,1,7,2,1.0,1,1,2,94,125,19,54,69,509, 8, 0, 0, 0, 50,061,,,1,1,1,0,180,1088,92,,262,,000080,80,4837,63,,66,494,68,2,85
91WN03122, 91810573,91,81,Z0573,3,55,55,XT.,2,1,3,2,1.0,1,1,1,94,124,26,80,77,556, 5, 0, 0, 0, 63,,,,2,1,1,0,168,1000,93,,321,,000080,80,1407,44,,75,533,48,*,95
91WN03123, 91810574,91,81,Z0574,2,55,55,XT.,1,1,1,1,1.0,1,1,1,94,124,8,74,66,473, 7, 0, 0, 0, 48,063,,,1,1,1,0,158,976,92,,262,,000080,80,1207,44,,64,438,48,2,77
91WN03124, 91810576,91,81,Z0576,2,97,97,197,1,1,1,1,2.0,2,2,4,94,118,1,149,117,865, 3, 0, 0, 0,  0,974,,,1,6,1,0,100,1065,,,,4,398880,80,8219,80,,119,790,97,1,118
91WN03125, 91810577,91,81,Z0577,1,97,97,297,2,2,5,5,3.0,3,3,4,94,118,1,113,79,574, 3, 0, 0, 0,  0,,,,1,6,3,0,200,1397,93,,266,4,422480,80,5662,80,,80,612,97,3,75
91WN03126, 91810578,91,81,Z0578,2,97,97,297,2,2,5,5,3.0,3,3,4,94,118,1,118,84,612, 3, 0, 0, 0,  0,973,,,1,6,1,0,200,1397,,,,4,422480,80,5662,80,,85,706,97,1,84
91WN03127, 91810579,91,81,Z0579,1,55,55,XT.,1,1,1,1,1.0,1,1,1,94,124,8,125,96,673, 5, 0, 0, 0, 76,,,,1,1,2,0,158,1018,93,,266,,000080,80,1163,44,,93,596,48,3,103
91WN03128, 91810580,91,81,Z0580,2,00,58,-0-,1,1,1,1,1.0,1,1,1,94,124,4,79,77,557, 0, 0, 0, 0, 60,PPL,,,,5,,0,196,1211,93,,256,,000097,97,9688,80,,75,561,55,5,88
91WN03129, 91810581,91,81,Z0581,1,97,97,297,2,1,3,2,3.0,3,3,4,94,118,1,134,131,997, 3, 0, 0, 0,  0,,,,2,6,2,0,133,1127,,,,4,422480,80,6273,80,,133,852,97,1,135
91WN03130, 91810583,91,81,Z0583,1,55,55,XT.,1,1,1,1,1.0,1,1,1,94,124,1,112,86,603, 5, 0, 0, 0, 67,,,,1,1,1,0,158,996,93,,266,,000080,80,1538,44,,84,523,48,3,95
91WN03131, 91810584,91,81,Z0584,2,97,97,397,1,1,1,1,2.0,2,2,4,94,118,1,122,116,880, 3, 0, 0, 0,  0,974,,,1,6,1,0,100,1010,,21,,4,656980,80,8436,80,,118,805,97,1,122
91WN03132, 91810585,91,81,Z0585,1,55,55,XC.,3,1,7,2,1.0,1,1,2,94,125,5,80,98,720, 6, 0, 0, 0, 73,,,,1,1,1,0,180,1126,93,,266,,000080,80,4628,63,,94,625,68,3,104
91WN03133, 91810587,91,81,Z0587,2,55,55,XT.,1,1,1,1,1.0,1,1,1,94,124,4,90,82,589, 5, 0, 0, 0, 64,PPL,,,1,3,1,0,158,1008,93,95,256,,000080,80,1199,44,,80,552,48,5,93
91WN03134, 91810589,91,81,Z0589,2,55,55,XC.,2,1,3,2,1.0,1,1,2,94,125,18,86,81,579, 4, 0, 0, 0, 59,060,,,1,1,1,0,170,1112,92,,262,,000080,80,4717,63,,78,563,68,2,89
91WN03135, 91810590,91,81,Z0590,2,00,58,-0-,2,2,5,5,1.0,1,1,2,94,125,13,76,68,483, 0, 0, 0, 0, 53,PPL,,,,5,,0,206,1327,93,,256,,000097,97,9579,80,,66,600,55,5,79
91WN03136, 91810591,91,81,Z0591,2,00,58,-0-,2,2,5,5,1.0,1,1,2,94,125,15,88,69,482, 0, 0, 0, 0, 56,PPL,,,,5,,0,206,1327,93,,256,,000097,97,9579,80,,67,599,55,5,79
91WN03137, 91810592,91,81,Z0592,2,00,58,-0-,2,2,5,5,1.0,1,1,2,95,124,5,62,64,466, 0, 0, 0, 0, 44,,,,6,5,,0,206,1323,93,,281,,000097,97,9787,80,,62,585,55,3,76
91WN03138, 91810593,91,81,Z0593,3,00,58,-0-,2,2,5,5,1.0,1,1,2,95,124,26,65,71,520, 0, 0, 0, 0, 48,,,,,5,,0,206,1323,93,,281,,000097,97,9787,80,,69,624,55,3,86
91WN03139, 91810596,91,81,Z0596,1,55,55,XT.,1,1,1,1,1.0,1,1,2,95,124,6,98,65,445, 6, 0, 0, 0, 49,,,,1,1,2,0,158,954,93,,266,,000080,80,1021,44,,63,360,42,3,71
91WN03140, 91810597,91,81,Z0597,2,97,97,397,1,1,1,1,2.0,2,2,4,95,117,1,128,117,891, 3, 0, 0, 0,  0,974,,,1,6,1,0,100,1095,,,,4,656980,80,8206,80,,120,816,97,1,121
91WN03141, 91810598,91,81,Z0598,2,55,55,XC.,1,1,1,1,1.0,1,1,2,95,124,16,81,80,580, 3, 0, 0, 0, 58,059,,,2,1,1,0,160,1112,93,,281,,000080,80,4536,63,,78,542,68,2,91
91WN03142, 91810599,91,81,Z0599,2,55,55,XC.,1,1,1,1,1.0,1,1,2,95,124,20,82,68,482, 5, 0, 0, 0, 53,063,,,2,1,1,0,160,1088,92,95,262,,000080,80,5107,63,,66,446,68,2,77
91WN03143, 91810603,91,81,Z0603,1,55,55,XT.,2,1,3,2,1.0,1,1,2,95,124,16,105,96,690, 8, 0, 0, 0, 72,,,,2,1,2,0,168,1016,93,,266,,000080,80,1361,44,,93,603,48,3,109
91WN03144, 91810607,91,81,Z0607,2,97,97,297,1,1,1,1,4.0,4,4,4,95,117,1,133,107,801, 3, 0, 0, 0,  0,973,,,1,6,1,0,100,670,,,,4,422480,80,3491,80,,109,714,97,1,114
91WN03145, 91810610,91,81,Z0610,2,97,97,197,1,1,1,1,2.0,2,2,4,95,117,1,150,107,786, 5, 0, 0, 0,  0,974,,,1,6,1,0,150,995,,,,4,398880,80,8232,80,,109,711,97,1,107
91WN03146, 91810611,91,81,Z0611,2,55,55,XC.,1,1,1,1,1.0,1,1,2,95,124,30,104,94,674, 6, 0, 0, 0, 69,058,,,2,1,1,0,160,1142,92,,262,,000080,80,4770,63,,91,643,68,2,106
91WN03147, 91810613,91,81,Z0613,2,97,97,397,2,1,3,2,4.0,4,4,4,95,117,1,106,111,858, 3, 0, 0, 0,  0,974,,,1,6,1,0,150,1130,,,,4,656980,80,3706,80,,114,798,97,1,123
91WN03148, 91810614,91,81,Z0614,3,55,55,XC.,2,1,3,2,1.0,1,1,2,95,124,11,69,74,541, 6, 0, 0, 0, 56,,,,6,1,1,0,170,1098,93,,321,,000080,80,4908,63,,72,504,68,*,80
91WN03149, 91810618,91,81,Z0618,2,55,55,XC.,1,1,1,1,1.0,1,1,2,95,124,13,102,108,789, 5, 0, 0, 0, 79,058,,,2,1,1,0,160,1168,92,95,262,,000080,80,4686,63,,105,750,68,2,120
91WN03150, 91810620,91,81,Z0620,3,55,55,XT.,2,1,3,2,1.0,1,1,2,95,124,10,88,47,308, 7, 0, 0, 0, 30,,,,1,1,2,0,168,890,93,21,281,,000080,80,1178,44,,46,271,41,3,58
91WN03151, 91810622,91,81,Z0622,2,55,55,XT.,1,1,1,1,1.0,1,1,2,96,123,11,98,78,554, 8, 0, 0, 0, 55,059,,,2,1,1,0,158,1000,93,,281,,000080,80,1556,44,,76,517,48,2,91
91WN03152, 91810623,91,81,Z0623,2,55,55,XT.,1,1,1,1,1.0,1,1,2,96,123,1,94,75,533, 7, 0, 0, 0, 53,062,,,1,1,1,0,158,994,92,,262,,000080,80,1478,44,,73,491,42,2,83
91WN03153, 91810624,91,81,Z0624,1,97,97,197,2,1,3,2,4.0,4,4,4,96,116,1,142,122,929, 3, 0, 0, 0,  0,,,,3,6,1,0,175,1175,97,,310,4,398880,80,3667,80,,126,755,97,1,125
91WN03154, 91810626,91,81,Z0626,3,55,55,XT.,2,1,3,2,1.0,1,1,2,96,123,3,79,98,733, 6, 0, 0, 0, 73,,,,2,1,1,0,168,1040,93,,281,,000080,80,1487,44,,96,695,41,3,108
91WN03155, 91810628,91,81,Z0628,1,97,97,197,2,2,5,5,2.0,2,2,4,96,116,1,120,98,741, 3, 0, 0, 0,  0,,,,1,6,1,0,200,965,97,,310,4,398880,80,8339,80,,101,761,97,1,99
91WN03156, 91810629,91,81,Z0629,1,97,97,197,2,2,5,5,2.0,2,2,4,96,116,1,110,105,810, 4, 0, 0, 0,  0,,,,1,6,1,0,200,965,,,,4,398880,80,8339,80,,108,830,97,1,108
91WN03157, 91810630,91,81,Z0630,2,55,55,XT.,1,1,1,1,1.0,1,1,2,96,123,27,131,86,593, 6, 0, 0, 0, 69,058,,,2,1,1,0,158,1018,92,,262,,000080,80,1601,44,,84,563,48,2,100
91WN03158, 91810631,91,81,Z0631,2,55,55,XT.,2,1,3,2,1.0,1,1,2,96,123,3,71,79,585, 4, 0, 0, 0, 58,061,,,2,2,1,0,168,1002,92,,262,,000080,80,1428,44,,77,567,42,2,87
91WN03159, 91810633,91,81,Z0633,3,55,55,XC.,2,1,3,2,1.0,1,1,2,96,123,6,72,82,608, 6, 0, 0, 0, 57,,,,2,1,1,0,170,1116,93,,321,,000080,80,4900,63,,80,572,68,*,88
91WN03160, 91810634,91,81,Z0634,2,97,97,197,2,2,5,7,5.0,5,4,4,96,116,1,98,92,709, 3, 0, 0, 0,  0,974,,,1,6,1,0,140,1340,,95,,4,398880,80,1158,80,,95,777,97,1,96
91WN03161, 91810635,91,81,Z0635,1,97,97,197,2,2,5,3,5.0,5,4,4,96,116,1,145,116,875, 3, 0, 0, 0,  0,,,,1,6,1,0,140,1340,97,21,310,4,398880,80,1158,80,,120,810,97,1,113
91WN03162, 91810636,91,81,Z0636,1,55,55,XC.,1,1,1,1,1.0,1,1,2,96,123,22,126,101,719, 4, 0, 0, 0, 78,,,,1,1,1,0,160,1136,93,,266,,000080,80,5056,63,,99,645,68,3,114
91WN03163, 91810639,91,81,Z0639,3,55,55,XT.,1,1,1,1,1.0,1,1,2,96,123,1,92,69,486, 4, 0, 0, 0, 44,,,,2,1,1,0,158,980,93,,321,,000080,80,1559,44,,68,444,48,*,78
91WN03164, 91810640,91,81,Z0640,1,97,97,497,1,1,1,1,1.0,1,1,4,96,116,1,122,109,834, 3, 0, 0, 0,  0,,,,1,6,1,0,100,1230,,,,,827080,80,9744,80,,112,851,97,1,114
91WN03165, 91810641,91,81,Z0641,2,55,55,XT.,1,1,1,1,1.0,1,1,2,96,123,23,104,82,582, 4, 0, 0, 0, 68,059,,,4,1,1,0,158,1010,93,,281,,000080,80,1060,44,,80,550,41,2,93
91WN03166, 91810643,91,81,Z0643,1,97,97,297,1,1,1,1,3.0,3,3,4,96,116,1,145,118,892, 4, 0, 0, 0,  0,,,,1,6,1,0,100,1063,,,,4,422480,80,5836,80,,122,783,97,1,125
91WN03167, 91810644,91,81,Z0644,2,55,55,XT.,1,1,1,1,1.0,1,1,2,96,123,24,120,104,748, 8, 0, 0, 0, 83,058,,,2,1,1,0,158,1054,92,95,262,,000080,80,1356,44,,102,717,48,2,117
91WN03168, 91810645,91,81,Z0645,1,97,97,197,1,1,1,1,3.0,3,3,4,96,116,1,156,133,999, 3, 0, 0, 0,  0,,,,2,6,2,0,133,1147,,,,4,398880,80,5949,80,,137,890,97,1,136
91WN03169, 91810648,91,81,Z0648,1,97,97,297,2,2,5,5,3.0,3,3,4,97,115,1,155,100,735, 4, 0, 0, 0,  0,,,,1,6,1,0,167,1537,,21,,4,422480,80,5938,80,,104,772,97,1,104
91WN03170, 91810649,91,81,Z0649,1,97,97,297,2,2,5,5,3.0,3,3,4,97,115,1,139,99,740, 3, 0, 0, 0,  0,,,,1,6,1,0,167,1537,,,,4,422480,80,5938,80,,103,777,97,1,101
91WN03171, 91810650,91,81,Z0650,1,97,97,397,1,1,1,1,3.0,3,3,4,97,115,1,104,106,831, 3, 0, 0, 0,  0,,,,2,6,2,0,133,1087,,21,,4,656980,80,6084,80,,110,722,97,1,114
91WN03172, 91810652,91,81,Z0652,3,55,55,XT.,2,1,3,2,1.0,1,1,2,97,122,4,75,91,684, 5, 0, 0, 0, 66,,,,2,1,1,0,168,1026,93,,281,,000080,80,1098,44,,90,649,41,*,103
91WN03173, 91810653,91,81,Z0653,1,55,55,XT.,1,1,1,1,1.0,1,1,2,97,122,1,124,82,570, 4, 0, 0, 0, 61,,,,1,1,1,0,158,990,93,,266,,000080,80,1101,44,,81,488,41,3,92
91WN03174, 91810654,91,81,Z0654,3,55,55,XC.,2,1,3,2,1.0,1,1,2,97,122,28,95,92,676, 8, 0, 0, 0, 69,,,,1,1,1,0,170,1140,93,,281,,000080,80,5079,63,,91,653,68,3,107
91WN03175, 91810656,91,81,Z0656,3,55,55,XT.,1,1,1,1,1.0,1,1,2,97,122,24,116,85,602, 7, 0, 0, 0, 79,,,,2,1,2,0,158,1016,93,14,281,,000080,80,1594,44,,84,574,48,*,110
91WN03176, 91810657,91,81,Z0657,2,55,55,XT.,2,1,3,2,1.0,1,1,2,97,122,23,72,73,539, 6, 0, 0, 0, 55,061,,,1,1,1,0,168,994,92,14,262,,000080,80,1371,44,,72,534,41,2,85
91WN03177, 91810658,91,81,Z0658,3,55,55,XC.,1,1,1,1,1.0,1,1,2,97,122,6,81,78,573, 4, 0, 0, 0, 57,Rum,,,1,1,2,0,160,1108,,,,,000080,80,4453,63,,77,536,68,9,87
91WN03178, 91810660,91,81,Z0660,3,55,55,XT.,2,1,3,2,1.0,1,1,2,97,122,19,69,75,558, 6, 0, 0, 0, 58,Rum,,,1,1,1,0,168,996,,,,,000080,80,0969,44,,74,530,41,9,85
91WN03179, 91810661,91,81,Z0661,1,97,97,397,1,1,1,1,4.0,4,4,4,97,115,1,173,145,999, 5, 0, 0, 0,  0,,,,1,6,2,0,200,1145,,21,,4,656980,80,3830,80,,151,862,97,1,148
91WN03180, 91810662,91,81,Z0662,1,97,97,197,2,2,5,6,8.0,8,5,4,97,115,1,112,99,763, 3, 0, 0, 0,  0,,,,2,6,2,0,188,1359,,,,4,398880,80,4553,97,,103,756,97,1,105
91WN03181, 91810663,91,81,Z0663,1,97,97,197,2,2,5,4,8.0,8,5,4,97,115,1,135,109,830, 3, 0, 0, 0,  0,,,,1,6,1,0,188,1359,97,,310,4,398880,80,4553,97,,113,798,97,1,111
91WN03182, 91810664,91,81,Z0664,1,97,97,297,2,1,3,2,3.0,3,3,4,97,115,1,170,125,939, 3, 0, 0, 0,  0,,,,2,6,1,0,133,723,,,,,422480,80,5625,80,,130,793,97,1,126
91WN03183, 91810667,91,81,Z0667,2,97,97,497,1,1,1,1,1.0,1,1,4,98,114,1,98,98,774, 3, 0, 0, 0,  0,974,,,1,6,1,0,100,1240,,,,,827080,80,9712,80,,103,841,97,1,100
91WN03184, 91810669,91,81,Z0669,3,00,58,-0-,2,1,3,2,1.0,1,1,2,98,121,2,76,100,764, 0, 0, 0, 0, 74,,,,,5,,0,206,1255,93,,281,,000097,97,0029,81,,99,722,55,3,113
91WN03185, 91810671,91,81,Z0671,3,55,55,XC.,2,1,3,2,1.0,1,1,2,98,121,20,82,70,511, 8, 0, 0, 0, 53,,,,2,1,1,0,170,1096,93,,350,,000080,80,4629,63,,69,487,68,*,81
91WN03186, 91810674,91,81,Z0674,3,55,55,XC.,2,2,5,6,1.0,1,1,1,99,119,16,83,62,451, 6, 0, 0, 0, 40,,,,1,1,1,0,170,1234,93,,321,,000080,80,4985,63,,62,557,68,*,77
91WN03187, 91810675,91,81,Z0675,3,55,55,XC.,2,2,5,4,1.0,1,1,1,99,119,18,100,71,513, 7, 0, 0, 0, 48,,,,2,1,1,0,170,1234,93,,321,,000080,80,4985,63,,72,620,68,*,85
91WN03188, 91810677,91,81,Z0677,2,00,58,-0-,1,1,1,1,1.0,1,1,1,99,119,7,73,69,518, 0, 0, 0, 0, 47,PPL,,,,5,,0,196,1203,93,,256,,000097,97,9615,80,,70,527,55,5,82
91WN03189, 91810678,91,81,Z0678,3,55,55,XT.,1,1,1,1,1.0,1,1,2,99,120,16,92,82,607, 5, 0, 0, 0, 65,,,,1,1,1,0,158,1014,93,,321,,000080,80,1186,44,,82,581,42,*,93
91WN03190, 91810680,91,81,Z0680,2,55,55,XC.,1,1,1,1,1.0,1,1,1,99,119,17,77,60,439, 8, 0, 0, 0, 49,062,,,1,1,1,0,160,1082,92,21,262,,000080,80,4891,63,,60,422,68,2,81
91WN03191, 91810681,91,81,Z0681,2,97,97,297,1,1,1,1,5.0,5,4,4,99,113,1,145,114,881, 3, 0, 0, 0,  0,973,,,1,6,1,0,180,1048,,,,4,422480,80,1148,80,,120,794,97,1,114
91WN03192, 91810682,91,81,Z0682,2,97,97,297,2,2,5,5,6.0,6,4,4,99,113,1,139,99,753, 3, 0, 0, 0,  0,973,,,1,6,1,0,150,1385,,,,,422480,80,8610,97,,104,818,97,1,105
91WN03193, 91810683,91,81,Z0683,2,97,97,297,2,2,5,5,6.0,6,4,4,99,113,1,136,97,738, 3, 0, 0, 0,  0,973,,,1,6,1,0,150,1385,,21,,,422480,80,8610,97,,102,803,97,1,101
91WN03194, 91810685,91,81,Z0685,2,97,97,197,1,1,1,1,2.0,2,2,4,100,112,1,167,109,824, 5, 0, 0, 0,  0,974,,,1,6,1,0,150,1045,,,,4,398880,80,8271,80,,116,748,97,1,116
91WN03195, 91810686,91,81,Z0686,1,55,55,XT.,1,1,1,1,1.0,1,1,1,100,118,27,128,81,578, 4, 0, 0, 0, 57,,,,1,1,2,0,158,1000,93,,266,,000080,80,1095,44,,82,526,48,3,90
91WN03196, 91810687,91,81,Z0687,2,97,97,497,2,1,3,2,1.0,1,1,4,100,112,1,83,84,676, 3, 0, 0, 0,  0,974,,,3,6,1,0,200,1110,,,,,827080,80,9808,80,,89,769,97,1,88
91WN03197, 91810690,91,81,Z0690,1,97,97,597,2,1,3,2,1.0,1,1,4,100,112,1,76,85,691, 3, 0, 0, 0,  0,,,,1,6,1,0,200,1020,93,21,266,,829280,80,9677,80,,91,671,97,3,87
91WN03198, 91810691,91,81,Z0691,2,55,55,XC.,1,1,1,1,1.0,1,1,1,100,118,5,54,72,564, 8, 0, 0, 0, 47,060,,,1,1,1,0,160,1106,92,,262,,000080,80,4494,63,,73,544,68,2,90
91WN03199, 91810692,91,81,Z0692,1,97,97,197,2,2,5,5,4.0,4,4,4,101,111,1,131,97,756, 3, 0, 0, 0,  0,,,,2,6,2,0,175,1113,,,,4,398880,80,4012,80,,104,765,97,1,101
91WN03200, 91810693,91,81,Z0693,1,97,97,197,2,2,5,5,4.0,4,4,4,101,111,1,115,84,653, 6, 0, 0, 0,  0,,,,1,6,1,0,175,1113,93,,266,4,398880,80,4012,80,,90,662,97,3,91
91WN03201, 91810695,91,81,Z0695,3,55,55,XT.,2,1,3,2,1.0,1,1,1,101,117,26,82,71,537, 6, 0, 0, 0, 52,,,,1,1,1,0,168,922,93,95,321,,000080,80,1171,44,,73,533,48,*,88
91WN03202, 91810697,91,81,Z0697,1,55,55,XT.,1,1,1,1,1.0,1,1,1,101,117,34,109,69,497, 8, 0, 0, 0, 50,,,,2,1,1,0,158,978,93,,266,,000080,80,1558,44,,70,451,48,3,79
91WN03203, 91810698,91,81,Z0698,3,55,55,XT.,1,1,1,1,1.0,1,1,1,101,117,18,86,74,559, 6, 0, 0, 0, 56,,,,2,1,2,0,158,1004,93,,321,,000080,80,1119,44,,76,548,42,*,91
91WN03204, 91810699,91,81,Z0699,2,00,58,-0-,2,1,3,2,1.0,1,1,1,101,117,10,61,53,401, 0, 0, 0, 0, 36,,,,,5,,0,206,1173,93,,281,,000097,97,9665,80,,54,436,55,3,66
91WN03205, 91810701,91,81,Z0701,2,55,55,XT.,1,1,1,1,1.0,1,1,1,101,117,22,92,71,528, 4, 0, 0, 0, 52,061,,,2,1,1,0,158,1000,92,,262,,000080,80,1269,44,,73,519,48,2,85
91WN03206, 91810702,91,81,Z0702,2,00,58,-0-,1,1,1,1,1.0,1,1,1,102,116,8,117,79,580, 0, 0, 0, 0, 57,PPL,,,,5,,0,196,1227,93,,256,,000097,97,0065,81,,81,591,55,5,83
91WN03207, 91810703,91,81,Z0703,2,97,97,497,1,1,1,1,1.0,1,1,4,102,110,1,64,78,651, 3, 0, 0, 0,  0,PPL,,,1,6,1,0,100,1070,93,,256,,827080,80,9807,80,,85,718,97,5,86
91WN03208, 91810705,91,81,Z0705,2,00,58,-0-,2,2,5,5,1.0,1,1,1,102,116,1,92,62,455, 0, 0, 0, 0, 43,,,,,5,,0,206,1361,93,21,281,,000097,97,9645,80,,64,604,55,3,76
91WN03209, 91810706,91,81,Z0706,2,00,58,-0-,2,2,5,5,1.0,1,1,1,102,116,1,93,74,558, 0, 0, 0, 0, 49,PPL,,,,5,,0,206,1361,93,,256,,000097,97,9645,80,,76,707,55,5,95
91WN03210, 91810707,91,81,Z0707,2,00,58,-0-,2,2,5,5,1.0,1,1,1,102,116,33,95,68,504, 0, 0, 0, 0, 49,PPL,,,,5,,0,206,1359,93,21,256,,000097,97,9667,80,,70,650,55,5,85
91WN03211, 91810708,91,81,Z0708,3,00,58,-0-,2,2,5,5,1.0,1,1,1,102,116,28,105,71,522, 0, 0, 0, 0, 53,,,,,5,,0,206,1359,93,,281,,000097,97,9667,80,,73,656,55,3,91
91WN03212, 91810709,91,81,Z0709,2,55,55,XC.,1,1,1,1,1.0,1,1,1,102,116,6,97,51,356, 6, 0, 0, 0, 37,,,,2,2,1,0,160,1068,93,04,281,,000080,80,4798,63,,52,342,68,3,62
91WN03213, 91810710,91,81,Z0710,3,55,55,XT.,1,1,1,1,1.0,1,1,1,103,115,4,84,74,570, 5, 0, 0, 0, 49,,,,1,1,1,0,158,1006,93,,321,,000080,80,0977,44,,77,558,42,*,81
91WN03214, 91810711,91,81,Z0711,2,00,58,-0-,2,1,3,2,1.0,1,1,1,103,115,19,98,92,715, 0, 0, 0, 0, 64,PPL,,,,5,,0,206,1253,93,,256,,000097,97,9983,80,,96,751,55,5,112
91WN03215, 91810713,91,81,Z0713,3,00,58,-0-,2,1,3,2,1.0,1,1,1,103,115,1,102,74,555, 0, 0, 0, 0, 54,,,,,5,,0,206,1217,93,21,281,,000097,97,9776,80,,77,541,55,3,93
91WN03216, 91810714,91,81,Z0714,2,97,97,497,2,1,3,2,1.0,1,1,4,103,109,1,102,91,741, 3, 0, 0, 0,  0,974,,,1,6,1,0,200,1210,,,,,827080,80,9740,80,,99,834,97,1,103
91WN03217, 91810716,91,81,Z0716,2,00,58,-0-,2,1,3,2,1.0,1,1,1,103,115,2,84,69,527, 0, 0, 0, 0, 35,PPL,,,,5,,0,206,1209,93,,256,,000097,97,9854,80,,72,565,55,5,92
91WN03218, 91810718,91,81,Z0718,2,55,55,XC.,2,2,5,5,1.0,1,1,1,103,115,18,85,53,387, 7, 0, 0, 0, 37,065,,,1,1,1,0,170,1212,92,95,262,,000080,80,4928,63,,55,513,68,2,64
91WN03219, 91810719,91,81,Z0719,2,55,55,XC.,2,2,5,5,1.0,1,1,1,103,115,7,97,61,446, 3, 0, 0, 0, 43,065,,,2,1,1,0,170,1212,92,95,262,,000080,80,4928,63,,63,566,68,2,69
91WN03220, 91810722,91,81,Z0722,3,00,58,-0-,2,1,3,2,1.0,1,1,1,103,115,15,80,66,504, 0, 0, 0, 0, 44,,,,,5,,0,206,1199,93,,281,,000097,97,9590,80,,69,489,55,3,79
91WN03221, 91810724,91,81,Z0724,3,55,55,XT.,1,1,1,1,1.0,1,1,1,103,115,24,112,70,511, 4, 0, 0, 0, 53,,,,1,3,1,0,158,1000,93,01,321,,000080,80,1249,44,,73,509,48,*,81
91WN03222, 91810725,91,81,Z0725,2,55,55,XT.,1,1,1,1,1.0,1,1,2,103,116,25,97,86,658, 8, 0, 0, 0, 61,058,,,4,1,1,0,158,938,92,,262,,000080,80,1496,44,,89,646,48,2,99
91WN03223, 91810726,91,81,Z0726,1,97,97,597,1,1,1,1,1.0,1,1,4,103,109,1,92,89,732, 4, 0, 0, 0,  0,,,,1,6,1,0,100,1090,93,,266,,829280,80,0115,81,,97,748,97,3,94
91WN03224, 91810727,91,81,Z0727,2,97,97,497,2,1,3,2,1.0,1,1,4,104,108,1,64,76,644, 3, 0, 0, 0,  0,PPL,,,4,6,1,0,200,1070,93,79,256,,827080,80,9769,80,,84,737,97,5,84
91WN03225, 91810729,91,81,Z0729,2,97,97,197,2,1,3,2,2.0,2,2,4,104,108,1,76,92,781, 3, 0, 0, 0,  0,974,,,4,6,1,0,100,520,,79,,4,398880,80,8224,80,,101,731,97,1,102
91WN03226, 91810731,91,81,Z0731,2,55,55,XT.,2,1,3,2,1.0,1,1,1,104,114,13,65,60,469, 4, 0, 0, 0, 45,064,,,1,1,1,0,168,982,92,21,262,,000080,80,1488,44,,63,487,41,2,73
91WN03227, 91810733,91,81,Z0733,2,97,97,597,1,1,1,1,1.0,1,1,4,104,108,1,105,86,699, 3, 0, 0, 0,  0,973,,,1,6,1,0,100,1170,,,,,829280,80,9768,80,,94,765,97,1,95
91WN03228, 91810734,91,81,Z0734,2,55,55,XC.,1,1,1,1,1.0,1,1,1,104,114,24,103,80,611, 6, 0, 0, 0, 58,059,,,1,1,1,0,160,1130,93,,281,,000080,80,4448,63,,84,611,68,2,95
91WN03229, 91810738,91,81,Z0738,3,00,30,632,2,1,3,2,4.0,4,4,2,105,114,4,100,109,868, 0, 0, 0, 0, 76,,,,,5,,0,166,1172,93,21,281,,000097,97,2779,63,,114,763,61,3,127
91WN03230, 91810739,91,81,Z0739,3,00,58,-0-,1,1,1,1,1.0,1,1,2,105,114,18,112,72,533, 0, 0, 0, 0, 52,,,,,5,,0,196,1207,93,,281,,000097,97,9657,80,,75,494,55,3,89
91WN03231, 91810740,91,81,Z0740,1,55,55,XC.,1,1,1,1,1.0,1,1,2,105,114,27,125,71,513, 4, 0, 0, 0, 50,,,,2,1,1,0,160,1092,93,,266,,000080,80,4739,63,,74,466,68,3,80
91WN03232, 91810743,91,81,Z0743,3,00,58,-0-,1,1,1,1,1.0,1,1,2,105,114,4,80,58,439, 0, 0, 0, 0, 42,,,,,5,,0,196,1181,93,16,281,,000097,97,0219,81,,61,401,55,3,66
91WN03233, 91810744,91,81,Z0744,3,55,55,XT.,1,1,1,1,1.0,1,1,2,105,114,15,87,56,415, 7, 0, 0, 0, 38,,,,1,1,1,0,158,972,93,,281,,000080,80,1015,44,,58,404,42,*,65
91WN03234, 91810746,91,81,Z0746,2,00,58,-0-,2,1,3,2,1.0,1,1,2,105,114,22,100,95,746, 0, 0, 0, 0, 68,PPL,,,,5,,0,206,1255,93,,256,,000097,97,9748,80,,99,760,55,5,110
91WN03235, 91810749,91,81,Z0749,3,00,58,-0-,1,1,1,1,1.0,1,1,2,106,113,1,128,104,807, 0, 0, 0, 0, 78,,,,,5,,0,100,1130,93,,281,,000097,97,9277,80,,110,770,00,3,126
91WN03236, 91810750,91,81,Z0750,2,00,58,-0-,1,1,1,1,1.0,1,1,2,106,113,13,119,86,656, 0, 0, 0, 0, 61,PPL,,,,5,,0,196,1239,93,,256,,000097,97,0374,81,,91,647,55,5,98
91WN03237, 91810752,91,81,Z0752,3,00,58,-0-,2,1,3,2,1.0,1,1,2,106,113,8,92,95,759, 0, 0, 0, 0, 68,,,,,5,,0,206,1255,93,,281,,000097,97,9855,80,,100,723,55,3,114
91WN03238, 91810755,91,81,Z0755,3,55,55,XC.,1,1,1,1,1.0,1,1,2,106,113,27,78,68,533, 7, 0, 0, 0, 48,,,,2,1,1,0,160,1106,93,,321,,000080,80,4637,63,,72,531,68,*,80
91WN03239, 91810756,91,81,Z0756,3,00,58,-0-,2,2,5,5,3.0,3,3,3,106,119,6,89,73,539, 0, 0, 0, 0, 50,,,,,5,,0,199,1160,93,,281,3,000097,97,6945,80,,74,591,47,3,74
91WN03240, 91810757,91,81,Z0757,2,00,58,-0-,2,2,5,5,3.0,3,3,3,106,119,6,96,81,600, 0, 0, 0, 0, 53,,,,,5,,0,199,1160,93,,281,3,000097,97,6945,80,,82,664,47,3,81
91WN03241, 91810758,91,81,Z0758,1,55,55,XC.,1,1,1,1,1.0,1,1,2,106,113,17,85,81,642, 7, 0, 0, 0, 53,,,,2,1,2,0,160,1112,93,,266,,000080,80,4894,63,,85,592,68,3,81
91WN03242, 91810760,91,81,Z0760,3,00,30,632,3,2,8,5,6.0,6,4,2,106,113,7,128,101,781, 0, 0, 0, 0, 71,,,,,5,,0,174,1285,93,,281,,000097,97,1421,63,,106,828,60,3,114
91WN03243, 91810761,91,81,Z0761,2,00,30,632,3,2,8,5,6.0,6,4,2,106,113,10,110,83,637, 0, 0, 0, 0, 56,PPL,,,,5,,0,174,1285,93,,256,,000097,97,1421,63,,87,697,60,5,97
91WN03244, 91810762,91,81,Z0762,3,00,30,604,2,1,3,2,7.0,7,5,2,106,113,21,105,90,704, 0, 0, 0, 0, 66,,,,,5,,0,142,950,93,,281,,000097,97,1042,63,,95,656,61,3,100
91WN03245, 91810765,91,81,Z0765,2,00,58,-0-,2,2,5,5,1.0,1,1,2,107,112,23,84,53,398, 0, 0, 0, 0, 35,,,,,5,,0,206,1311,93,,281,,000097,97,9734,80,,56,526,55,3,68
91WN03246, 91810766,91,81,Z0766,3,00,58,-0-,2,2,5,5,1.0,1,1,2,107,112,6,77,60,467, 0, 0, 0, 0, 39,,,,,5,,0,206,1311,93,,281,,000097,97,9734,80,,64,584,55,3,73
91WN03247, 91810770,91,81,Z0770,2,55,55,XC.,1,1,1,1,1.0,1,1,2,107,112,1,73,81,658, 7, 0, 0, 0, 54,PPL,,,2,1,1,0,160,1132,93,02,256,,000080,80,4952,63,,86,646,68,5,94
91WN03248, 91810771,91,81,Z0771,3,55,55,XT.,1,1,1,1,1.0,1,1,2,107,112,18,124,88,675, 8, 0, 0, 0, 60,,,,2,1,1,0,158,1038,93,91,281,,000080,80,1544,44,,93,671,48,*,101
91WN03249, 91810773,91,81,Z0773,2,00,30,631,3,2,8,5,6.0,6,4,2,107,112,8,122,71,525, 0, 0, 0, 0, 48,PPL,,,,5,,0,184,1340,93,,256,,000097,97,1454,63,,75,586,61,5,84
91WN03250, 91810774,91,81,Z0774,3,00,30,631,3,2,8,5,6.0,6,4,2,107,112,6,124,82,621, 0, 0, 0, 0, 55,,,,,5,,0,184,1340,93,,281,,000097,97,1454,63,,87,669,61,3,100
91WN03251, 91810776,91,81,Z0776,3,00,30,634,2,1,3,2,4.0,4,4,3,107,117,5,90,89,684, 0, 0, 0, 0, 56,,,,,5,,0,166,841,93,,281,3,000097,97,2660,63,,91,543,60,3,97
91WN03252, 91810777,91,81,Z0777,2,55,55,XT.,1,1,1,1,1.0,1,1,2,107,112,11,120,77,580, 5, 0, 0, 0, 53,060,,,1,1,1,0,158,1018,92,,262,,000080,80,1195,44,,82,573,48,2,90
91WN03253, 91810778,91,81,Z0778,2,00,10,004,1,1,1,1,2.0,2,2,3,107,117,4,125,104,782, 0, 0, 0, 0, 63,,,,,5,,0,150,1010,93,,281,3,000097,97,9763,19,,106,705,11,3,115
91WN03254, 91810781,91,81,Z0781,3,00,58,-0-,1,1,1,1,1.0,1,1,2,107,112,26,96,73,566, 0, 0, 0, 0, 53,,,,,5,,0,196,1211,93,,281,,000097,97,9713,80,,78,528,55,3,95
91WN03255, 91810782,91,81,Z0782,3,55,55,XC.,1,1,1,1,1.0,1,1,2,107,112,19,53,54,435, 5, 0, 0, 0, 38,,,,1,1,1,0,160,1078,93,79,281,,000080,80,5106,63,,57,432,68,3,56
91WN03256, 91810783,91,81,Z0783,2,55,55,XC.,1,1,1,1,1.0,1,1,2,107,112,13,100,68,518, 9, 0, 0, 0, 43,063,,,1,1,1,0,160,1108,92,95,262,,000080,80,4943,63,,72,512,68,2,77
91WN03257, 91810784,91,81,Z0784,2,00,58,-0-,2,2,5,5,3.0,3,3,3,107,118,15,113,77,557, 0, 0, 0, 0, 54,,,,,5,,0,199,1034,93,,281,3,000097,97,7052,80,,78,622,47,3,88
91WN03258, 91810785,91,81,Z0785,3,00,58,-0-,2,2,5,5,3.0,3,3,3,107,66,0,99,54,668, 0, 0, 0, 0, 54,,,,,5,,0,199,1034,10,,224,3,000097,97,7052,80,,90,,47,6,0
91WN03259, 91810786,91,81,Z0786,2,97,97,197,1,1,1,1,2.0,2,2,4,108,104,1,136,101,840, 3, 0, 0, 0,  0,974,,,1,6,1,0,100,1090,,,,4,398880,80,8241,80,,114,764,97,1,109
91WN03260, 91810787,91,81,Z0787,2,55,55,XC.,1,1,1,1,1.0,1,1,2,108,111,5,108,78,605, 3, 0, 0, 0, 54,061,,,2,1,1,0,160,1128,92,,262,,000080,80,4718,63,,83,597,68,2,88
91WN03261, 91810788,91,81,Z0788,2,55,55,XC.,1,1,1,1,1.0,1,1,2,108,111,24,87,66,516, 9, 0, 0, 0, 42,062,,,2,1,1,0,160,1106,92,95,262,,000080,80,4520,63,,71,517,68,2,81
91WN03262, 91810789,91,81,Z0789,2,55,55,XT.,1,1,1,1,1.0,1,1,2,108,111,20,117,60,435, 6, 0, 0, 0, 41,065,,,1,1,1,0,158,986,92,,262,,000080,80,1417,44,,64,435,48,2,66
91WN03263, 91810791,91,81,Z0791,2,97,97,497,2,1,3,2,1.0,1,1,4,108,104,1,84,75,640, 3, 0, 0, 0,  0,PPL,,,1,6,1,0,200,1090,93,,256,,827080,80,0116,81,,85,733,97,5,81
91WN03264, 91810793,91,81,Z0793,3,00,30,634,1,1,1,1,4.0,4,4,2,108,111,5,182,109,818, 0, 0, 0, 0, 81,,,,,5,,0,141,1056,93,,281,,000097,97,2949,63,,116,714,61,3,116
91WN03265, 91810794,91,81,Z0794,2,00,30,634,2,2,5,5,5.0,5,4,2,108,111,6,121,80,612, 0, 0, 0, 0, 56,PPL,,,,5,,0,178,1097,93,,256,,000097,97,1830,63,,86,674,61,5,93
91WN03266, 91810795,91,81,Z0795,3,00,30,634,2,2,5,5,5.0,5,4,2,108,111,27,136,72,526, 0, 0, 0, 0, 46,,,,,5,,0,178,1097,93,21,281,,000097,97,1830,63,,77,573,61,3,85
91WN03267, 91810797,91,81,Z0797,2,55,55,XT.,2,1,3,2,1.0,1,1,2,108,111,17,61,64,522, 6, 0, 0, 0, 44,064,,,2,1,1,0,168,994,92,,262,,000080,80,1616,44,,69,544,41,2,73
91WN03268, 91810798,91,81,Z0798,2,00,58,-0-,1,1,1,1,1.0,1,1,2,109,110,15,111,75,581, 0, 0, 0, 0, 52,PPL,,,,5,,0,196,1221,93,,256,,000097,97,0073,81,,81,574,55,5,88
91WN03269, 91810799,91,81,Z0799,3,00,58,-0-,2,2,5,6,3.0,3,3,3,109,64,0,84,40,494, 0, 0, 0, 0, 40,,,,,5,,0,227,1265,97,,227,3,000097,97,6637,80,,68,,47,7,0
91WN03270, 91810800,91,81,Z0800,3,00,58,-0-,2,2,5,4,3.0,3,3,3,109,115,15,107,77,577, 0, 0, 0, 0, 46,,,,,5,,0,227,1265,93,,281,3,000097,97,6637,80,,80,550,47,3,76
91WN03271, 91810801,91,81,Z0801,1,97,97,397,2,2,5,5,2.0,2,2,4,109,103,1,88,92,808, 3, 0, 0, 0,  0,,,,1,6,1,0,150,1470,,,,4,656980,80,8240,80,,106,827,97,1,98
91WN03272, 91810802,91,81,Z0802,2,97,97,397,2,2,5,5,2.0,2,2,4,109,103,1,100,90,777, 3, 0, 0, 0,  0,974,,,1,6,1,0,150,1470,,,,4,656980,80,8240,80,,103,853,97,1,100
91WN03273, 91810803,91,81,Z0803,2,00,58,-0-,1,1,1,1,1.0,1,1,2,109,110,12,128,90,702, 0, 0, 0, 0, 63,PPL,,,,5,,0,196,1251,93,,256,,000097,97,9633,80,,97,695,55,5,88
91WN03274, 91810804,91,81,Z0804,3,00,30,OVX,1,1,1,1,3.5,3,3,2,109,110,3,124,68,505, 8, 0, 0, 0, 50,,,,2,2,1,0,0,0,93,,321,,000000,00,1831,03,,73,432,00,*,80
91WN03275, 91810805,91,81,Z0805,2,55,55,XC.,2,1,3,2,1.0,1,1,2,109,110,18,82,49,371, 9, 0, 0, 0, 40,,,,1,1,1,0,170,1074,93,95,281,,000080,80,4762,63,,53,396,68,3,65
91WN03276, 91810806,91,81,Z0806,2,00,58,-0-,2,2,5,5,5.0,5,4,3,110,114,4,108,67,493, 0, 0, 0, 0, 41,,,,,5,,0,199,1124,93,,281,3,000097,97,1537,80,,70,518,47,3,69
91WN03277, 91810807,91,81,Z0807,2,00,58,-0-,2,2,5,5,5.0,5,4,3,110,114,4,112,68,498, 0, 0, 0, 0, 45,,,,,5,,0,199,1124,93,,281,3,000097,97,1537,80,,71,523,47,3,69
91WN03278, 91810811,91,81,Z0811,3,00,58,-0-,2,1,3,2,1.0,1,1,2,110,109,25,98,76,607, 0, 0, 0, 0, 50,,,,,5,,0,206,1221,93,,281,,000097,97,0178,81,,83,574,55,3,94
91WN03279, 91810812,91,81,Z0812,3,00,10,012,1,1,1,1,6.0,6,4,3,110,115,18,160,115,861, 0, 0, 0, 0, 74,,,,,5,,0,137,883,93,,281,3,000097,97,6137,19,,119,718,12,3,124
91WN03280, 91810813,91,81,Z0813,3,55,55,XT.,1,1,1,1,1.0,1,1,2,110,109,15,91,68,540, 6, 0, 0, 0, 46,,,,2,1,1,0,158,1004,93,,321,,000080,80,1474,44,,74,543,42,*,85
91WN03281, 91810815,91,81,Z0815,2,00,58,-0-,2,2,5,5,3.0,3,3,3,110,116,7,120,82,603, 0, 0, 0, 0, 49,,,,,5,,0,227,1008,93,,281,3,000097,97,6722,80,,84,670,45,3,75
91WN03282, 91810816,91,81,Z0816,2,00,58,-0-,2,2,5,5,3.0,3,3,3,110,116,5,131,85,620, 0, 0, 0, 0, 55,,,,,5,,0,227,1008,93,,281,3,000097,97,6722,80,,87,687,45,3,82
91WN03283, 91810817,91,81,Z0817,2,00,30,603,2,1,3,2,2.0,2,2,2,110,109,25,138,90,699, 0, 0, 0, 0, 66,PPL,,,,5,,0,150,913,93,,256,,000097,97,4090,63,,98,686,61,5,108
91WN03284, 91810822,91,81,Z0822,2,55,55,XT.,1,1,1,1,1.0,1,1,2,110,109,18,98,57,433, 6, 0, 0, 0, 38,064,,,1,1,1,0,158,982,92,,262,,000080,80,0978,44,,62,437,42,2,72
91WN03285, 91810823,91,81,Z0823,1,55,55,XC.,1,1,1,1,1.0,1,1,2,110,109,1,140,79,596,10, 0, 0, 0, 49,,,,1,1,1,0,160,1114,93,,266,,000080,80,4691,63,,86,550,68,3,79
91WN03286, 91810824,91,81,Z0824,2,00,58,-0-,2,1,3,2,1.0,1,1,2,110,109,13,68,69,571, 0, 0, 0, 0, 46,PPL,,,,5,,0,206,1299,93,,256,,000097,97,9683,80,,75,590,55,5,80
91WN03287, 91810825,91,81,Z0825,3,00,58,-0-,2,1,3,2,1.0,1,1,2,110,109,20,82,79,650, 0, 0, 0, 0, 53,,,,,5,,0,206,1299,93,,281,,000097,97,9683,80,,86,617,55,3,99
91WN03288, 91810826,91,81,Z0826,2,00,10,005,2,2,5,5,2.0,2,2,3,110,114,5,132,77,560, 0, 0, 0, 0, 49,,,,,5,,0,184,1128,93,,281,3,000097,97,9931,19,,80,623,11,3,81
91WN03289, 91810827,91,81,Z0827,3,00,10,005,2,2,5,5,2.0,2,2,3,110,114,3,114,75,558, 0, 0, 0, 0, 46,,,,,5,,0,184,1128,93,,281,3,000097,97,9931,19,,78,609,11,3,78
91WN03290, 91810828,91,81,Z0828,3,00,58,-0-,1,1,1,1,1.0,1,1,2,110,109,10,123,93,740, 0, 0, 0, 0, 61,,,,,5,,0,196,1257,93,,281,,000097,97,0022,81,,101,706,55,3,111
91WN03291, 91810829,91,81,Z0829,1,97,97,597,1,1,1,1,1.0,1,1,4,110,102,1,125,96,819, 3, 0, 0, 0,  0,,,,1,6,2,0,100,1220,,,,,829280,80,0123,81,,111,835,97,1,97
91WN03292, 91810830,91,81,Z0830,2,55,55,XC.,1,1,1,1,1.0,1,1,2,110,109,1,81,74,605, 6, 0, 0, 0, 49,060,,,1,1,1,0,160,1122,92,,262,,000080,80,4824,63,,81,601,68,2,89
91WN03293, 91810832,91,81,Z0832,2,00,58,-0-,3,2,8,5,4.0,4,4,3,110,116,13,98,72,536, 0, 0, 0, 0, 46,,,,,5,,0,249,1086,93,,281,3,000097,97,5113,80,,74,559,47,3,77
91WN03294, 91810833,91,81,Z0833,2,00,58,-0-,3,2,8,5,4.0,4,4,3,110,116,13,89,84,647, 0, 0, 0, 0, 50,,,,,5,,0,249,1086,93,,281,3,000097,97,5113,80,,87,670,47,3,90
91WN03295, 91810834,91,81,Z0834,3,55,55,XC.,2,2,5,5,1.0,1,1,2,110,109,29,101,53,394, 7, 0, 0, 0, 36,,,,1,1,1,0,170,1192,93,,281,,000080,80,4673,63,,57,437,68,3,66
91WN03296, 91810835,91,81,Z0835,2,55,55,XC.,2,2,5,5,1.0,1,1,2,110,109,11,92,52,393, 8, 0, 0, 0, 32,,,,2,1,1,0,170,1192,93,,281,,000080,80,4673,63,,56,525,68,3,63
91WN03297, 91810836,91,81,Z0836,3,55,55,XT.,1,1,1,1,1.0,1,1,2,110,109,24,91,54,412, 8, 0, 0, 0, 39,,,,8,1,1,0,158,976,97,26,249,,000080,80,1362,44,,59,419,48,3,0
91WN03298, 91810837,91,81,Z0837,3,00,58,-0-,2,1,3,2,1.0,1,1,2,110,109,22,120,91,725, 8, 0, 0, 0, 64,,,,2,9,1,0,206,1251,,08,,,000097,97,0058,81,,99,692,55,1,104
91WN03299, 91810840,91,81,Z0840,2,00,58,-0-,2,1,3,2,1.0,1,1,2,110,109,1,70,60,486, 0, 0, 0, 0, 39,,,,,5,,0,206,1193,93,,281,,000097,97,9726,80,,65,506,55,3,73
91WN03300, 91810841,91,81,Z0841,2,55,55,XT.,2,1,3,2,1.0,1,1,2,110,109,7,85,65,518, 6, 0, 0, 0, 44,064,,,1,1,1,0,168,998,92,,262,,000080,80,0994,44,,71,540,41,2,74
91WN03301, 91810843,91,81,Z0843,2,55,55,XC.,2,1,3,2,1.0,1,1,2,110,109,1,91,59,458, 7, 0, 0, 0, 39,064,,,1,1,1,0,170,1092,92,95,262,,000080,80,4772,63,,64,477,68,2,71
91WN03302, 91810845,91,81,Z0845,2,00,30,634,2,2,5,5,2.0,2,2,3,110,115,1,117,92,698, 0, 0, 0, 0, 56,,,,,5,,0,150,1088,93,,281,3,000097,97,4027,63,,95,761,60,3,84
91WN03303, 91810846,91,81,Z0846,3,00,30,634,2,2,5,5,2.0,2,2,3,110,115,1,136,82,595, 0, 0, 0, 0, 49,,,,,5,,0,150,1088,93,,281,3,000097,97,4027,63,,85,645,60,3,84
91WN03304, 91810847,91,81,Z0847,2,55,55,XT.,1,1,1,1,1.0,1,1,2,110,109,1,95,64,500, 7, 0, 0, 0, 42,064,,,3,1,1,0,158,994,92,,262,,000080,80,1113,44,,70,496,41,2,73
91WN03305, 91810848,91,81,Z0848,2,97,97,397,1,1,1,1,3.0,3,3,4,110,102,1,120,101,873, 3, 0, 0, 0,  0,974,,,1,6,1,0,133,1187,,,,4,656980,80,7919,80,,117,814,97,1,113
91WN03306, 91810849,91,81,Z0849,2,55,55,XC.,1,1,1,1,1.0,1,1,2,110,109,17,90,69,550, 4, 0, 0, 0, 47,062,,,2,1,1,0,160,1114,92,95,262,,000080,80,5011,63,,75,554,68,2,84
91WN03307, 91810850,91,81,Z0850,2,97,97,497,1,1,1,1,1.0,1,1,4,111,101,1,138,87,725, 3, 0, 0, 0,  0,974,,,1,6,1,0,100,1240,,,,,827080,80,0156,81,,101,791,97,1,93
91WN03308, 91810851,91,81,Z0851,2,97,97,197,1,1,1,1,2.0,2,2,4,111,101,1,148,100,844, 3, 0, 0, 0,  0,974,,,4,6,1,0,100,590,01,,331,4,398880,80,8285,80,,116,767,97,1,101
91WN03309, 91810852,91,81,Z0852,3,55,55,XT.,1,1,1,1,1.0,1,1,2,111,108,18,68,61,502, 7, 0, 0, 0, 43,,,,5,1,1,0,158,992,93,,321,,000080,80,0984,44,,67,509,41,*,71
91WN03310, 91810853,91,81,Z0853,1,55,55,XT.,1,1,1,1,1.0,1,1,2,111,108,15,122,67,507, 5, 0, 0, 0, 43,,,,2,1,2,0,158,984,93,,266,,000080,80,1155,44,,73,470,48,3,75
91WN03311, 91810854,91,81,Z0854,2,00,10,003,2,2,5,5,5.0,5,4,3,111,114,19,108,75,563, 0, 0, 0, 0, 49,,,,,5,,0,140,859,93,,281,3,000097,97,7115,19,,78,587,11,3,77
91WN03312, 91810855,91,81,Z0855,3,00,10,003,2,2,5,5,5.0,5,4,3,111,114,18,117,86,652, 0, 0, 0, 0, 55,,,,,5,,0,140,859,93,,281,3,000097,97,7115,19,,90,663,11,3,82
91WN03313, 91810856,91,81,Z0856,2,55,55,XT.,1,1,1,1,1.0,1,1,2,111,108,2,120,70,537, 9, 0, 0, 0, 52,,,,1,1,1,0,158,1008,93,,281,,000080,80,1161,44,,76,536,48,3,78
91WN03314, 91810857,91,81,Z0857,3,00,10,012,1,1,1,1,2.0,2,2,3,111,115,6,136,91,673, 0, 0, 0, 0, 55,,,,,5,,0,167,971,93,,281,3,000097,97,0047,10,,94,569,12,3,98
91WN03315, 91810858,91,81,Z0858,1,97,97,397,3,2,8,6,5.0,5,4,4,111,101,1,94,89,788, 3, 0, 0, 0,  0,,,,1,6,1,0,220,1188,,,,4,656980,80,1452,80,,104,746,97,1,94
91WN03316, 91810859,91,81,Z0859,1,97,97,397,3,2,8,4,5.0,5,4,4,111,101,1,113,91,789, 3, 0, 0, 0,  0,,,,1,6,1,0,220,1188,,,,4,656980,80,1452,80,,106,723,97,1,95
91WN03317, 91810861,91,81,Z0861,2,55,55,XT.,2,1,3,2,1.0,1,1,2,111,108,1,85,55,431, 4, 0, 0, 0, 30,065,,,1,1,1,0,168,978,92,,262,,000080,80,1568,44,,60,453,42,2,66
91WN03318, 91810862,91,81,Z0862,2,55,55,XT.,1,1,1,1,1.0,1,1,2,111,108,24,80,51,398, 7, 0, 0, 0, 35,065,,,1,1,1,0,158,974,92,,262,,000080,80,1033,44,,56,408,42,2,64
91WN03319, 91810863,91,81,Z0863,1,55,55,XT.,2,1,3,2,1.0,1,1,2,111,108,2,102,65,507, 8, 0, 0, 0, 43,,,,1,1,1,0,168,980,93,,266,,000080,80,1200,44,,71,457,48,3,72
91WN03320, 91810865,91,81,Z0865,1,55,55,XC.,1,1,1,1,1.0,1,1,2,111,108,28,109,77,612, 5, 0, 0, 0, 53,,,,1,1,1,0,160,1114,93,,266,,000080,80,5088,63,,84,581,68,3,83
91WN03321, 91810867,91,81,Z0867,3,00,10,007,2,2,5,5,7.0,7,5,2,112,107,22,121,75,588, 0, 0, 0, 0, 57,,,,,5,,0,171,1202,93,,281,,000097,97,5604,19,,83,697,18,3,92
91WN03322, 91810868,91,81,Z0868,2,00,10,007,2,2,5,5,7.0,7,5,2,112,107,2,116,67,518, 0, 0, 0, 0, 44,PPL,,,,5,,0,171,1202,93,,256,,000097,97,5604,19,,74,641,18,5,78
91WN03323, 91810869,91,81,Z0869,3,00,30,604,1,1,1,1,2.0,2,2,3,112,113,6,141,95,716, 0, 0, 0, 0, 68,,,,,5,,0,150,1074,93,,281,3,000097,97,4058,63,,100,614,61,3,93
91WN03324, 91810870,91,81,Z0870,2,55,55,XC.,1,1,1,1,1.0,1,1,2,112,107,11,122,81,643, 5, 0, 0, 0, 55,059,,,1,1,1,0,160,1142,93,,281,,000080,80,4532,63,,89,649,68,2,91
91WN03325, 91810871,91,81,Z0871,2,55,55,XC.,1,1,1,1,1.0,1,1,2,112,107,24,115,78,621, 5, 0, 0, 0, 53,059,,,1,1,1,0,160,1136,93,95,281,,000080,80,4934,63,,86,633,68,2,92
91WN03326, 91810873,91,81,Z0873,2,55,55,XC.,1,1,1,1,1.0,1,1,2,113,106,25,113,60,459, 6, 0, 0, 0, 41,065,,,1,1,1,0,160,1102,92,,262,,000080,80,4700,63,,66,475,68,2,69
91WN03327, 91810874,91,81,Z0874,3,55,55,XC.,1,1,1,1,1.0,1,1,2,113,106,20,63,57,478, 6, 0, 0, 0, 36,,,,1,1,1,0,160,1094,93,16,321,,000080,80,4923,63,,64,491,68,*,69
91WN03328, 91810876,91,81,Z0876,3,00,10,013,2,1,3,2,3.0,3,3,3,113,112,4,114,94,738, 0, 0, 0, 0, 67,,,,,5,,0,160,967,93,,281,3,000097,97,9073,19,,100,645,11,3,92
91WN03329, 91810878,91,81,Z0878,2,55,55,XT.,2,1,3,2,1.0,1,1,2,113,106,3,72,61,508, 5, 0, 0, 0, 41,064,,,2,1,1,0,168,994,92,,262,,000080,80,1232,44,,68,536,42,2,73
91WN03330, 91810880,91,81,Z0880,2,55,55,XC.,2,2,5,5,1.0,1,1,2,113,106,20,92,58,460, 7, 0, 0, 0, 38,065,,,2,1,1,0,170,1224,92,,262,,000080,80,4995,63,,64,604,68,2,70
91WN03331, 91810881,91,81,Z0881,3,55,55,XC.,2,2,5,5,1.0,1,1,2,113,106,13,84,49,383, 5, 0, 0, 0, 33,,,,1,1,2,0,170,1224,93,16,281,,000080,80,4995,63,,54,516,68,3,57
91WN03332, 91810882,91,81,Z0882,1,97,97,197,1,1,1,1,5.0,5,4,4,113,99,1,144,87,733, 4, 0, 0, 0,  0,,,,2,6,2,0,180,1336,,,,,398880,80,1233,80,,102,595,97,1,98
91WN03333, 91810883,91,81,Z0883,3,55,55,XT.,1,1,1,1,1.0,1,1,2,113,106,1,105,72,580, 7, 0, 0, 0, 45,,,,2,1,1,0,158,1014,93,,321,,000080,80,0956,44,,80,584,42,*,81
91WN03334, 91810887,91,81,Z0887,2,55,55,XT.,2,1,3,2,1.0,1,1,2,113,106,2,81,55,442, 8, 0, 0, 0, 42,065,,,1,1,1,0,168,982,92,,262,,000080,80,1587,44,,61,470,48,2,66
91WN03335, 91810888,91,81,Z0888,1,97,97,297,1,1,1,1,3.0,3,3,4,113,99,1,159,96,809, 5, 0, 0, 0,  0,,,,1,6,1,0,100,623,93,,266,,422480,80,6102,80,,113,699,97,3,105
91WN03336, 91810889,91,81,Z0889,2,55,55,XT.,1,1,1,1,1.0,1,1,2,113,106,4,103,70,563, 8, 0, 0, 0, 45,062,,,2,1,1,0,158,1012,92,,262,,000080,80,1179,44,,78,569,48,2,82
91WN03337, 91810890,91,81,Z0890,3,00,10,004,2,2,5,5,3.0,3,3,3,113,112,12,136,72,521, 0, 0, 0, 0, 51,,,,,5,,0,189,1138,93,,281,3,000097,97,9318,19,,76,578,11,3,70
91WN03338, 91810891,91,81,Z0891,2,00,10,004,2,2,5,5,3.0,3,3,3,113,112,14,134,83,621, 0, 0, 0, 0, 59,,,,,5,,0,189,1138,93,,281,3,000097,97,9318,19,,88,691,11,3,88
91WN03339, 91810892,91,81,Z0892,3,55,55,XC.,1,1,1,1,1.0,1,1,2,114,105,25,118,74,592, 6, 0, 0, 0, 52,,,,1,1,1,0,160,1132,93,,321,,000080,80,5047,63,,83,611,68,*,85
91WN03340, 91810893,91,81,Z0893,1,55,55,XT.,1,1,1,1,1.0,1,1,2,114,105,17,128,84,678, 4, 0, 0, 0, 59,,,,2,1,2,0,158,1024,93,,266,,000080,80,1233,44,,94,650,48,3,99
91WN03341, 91810894,91,81,Z0894,2,55,55,XC.,1,1,1,1,1.0,1,1,2,114,105,17,81,71,599, 8, 0, 0, 0, 48,OUT,,,6,1,2,0,160,1126,93,95,281,,000080,80,4783,63,,80,613,68,3,83
91WN03342, 91810895,91,81,Z0895,2,55,55,XT.,2,1,3,2,1.0,1,1,2,114,105,7,97,63,508, 3, 0, 0, 0, 41,064,,,2,1,1,0,168,1000,92,95,262,,000080,80,1188,44,,71,541,48,2,74
91WN03343, 91810897,91,81,Z0897,2,55,55,XC.,1,1,1,1,1.0,1,1,2,114,105,1,78,63,526, 6, 0, 0, 0, 40,063,,,1,1,1,0,160,1108,92,,262,,000080,80,5065,63,,71,533,68,2,77
91WN03344, 91810898,91,81,Z0898,1,55,55,XT.,1,1,1,1,1.0,1,1,2,114,105,21,112,56,427, 8, 0, 0, 0, 37,,,,1,1,1,0,158,968,93,,266,,000080,80,1293,44,,62,401,41,3,63
91WN03345, 91810899,91,81,Z0899,3,00,10,007,2,2,5,5,4.0,4,4,2,114,105,10,123,79,635, 0, 0, 0, 0, 53,,,,,5,,0,189,1100,93,,281,,000097,97,7837,19,,89,689,18,3,93
91WN03346, 91810900,91,81,Z0900,3,00,10,007,2,2,5,5,4.0,4,4,2,114,105,7,112,70,560, 0, 0, 0, 0, 49,,,,,5,,0,189,1100,93,,281,,000097,97,7837,19,,78,614,18,3,89
91WN03347, 91810901,91,81,Z0901,2,55,55,XT.,1,1,1,1,1.0,1,1,2,114,105,15,88,52,411, 5, 0, 0, 0, 37,065,,,1,1,1,0,158,980,92,,262,,000080,80,1028,44,,58,424,41,2,59
91WN03348, 91810902,91,81,Z0902,2,55,55,XT.,1,1,1,1,1.0,1,1,2,114,105,18,88,62,507, 5, 0, 0, 0, 38,,,,1,3,1,0,158,1000,93,06,281,,000080,80,1053,44,,70,522,41,3,71
91WN03349, 91810903,91,81,Z0903,3,00,58,-0-,1,1,1,1,1.0,1,1,2,114,105,1,112,75,608, 0, 0, 0, 0, 50,,,,,5,,0,196,1227,93,,281,,000097,97,9729,80,,84,578,55,3,90
91WN03350, 91810904,91,81,Z0904,3,00,30,633,1,1,1,1,2.0,2,2,3,114,111,14,158,116,903, 0, 0, 0, 0, 70,,,,,5,,0,134,959,93,,281,3,000097,97,3849,63,,124,802,61,3,120
91WN03351, 91810905,91,81,Z0905,2,55,55,XC.,1,1,1,1,1.0,1,1,2,114,105,20,93,67,550, 8, 0, 0, 0, 45,062,,,1,1,1,0,160,1118,92,,262,,000080,80,4456,63,,75,566,68,2,81
91WN03352, 91810906,91,81,Z0906,1,97,97,197,2,1,3,2,2.0,2,2,4,114,98,1,111,112,999, 3, 0, 0, 0,  0,,,,2,6,1,0,100,610,,,,,398880,80,8181,80,,135,835,97,1,115
91WN03353, 91810908,91,81,Z0908,3,00,10,003,2,2,5,5,2.0,2,2,3,114,112,2,96,73,566, 0, 0, 0, 0, 39,,,,,5,,0,167,1116,93,,281,3,000097,97,9832,19,,78,618,18,3,64
91WN03354, 91810909,91,81,Z0909,2,00,10,003,2,2,5,5,2.0,2,2,3,114,112,2,100,66,500, 0, 0, 0, 0, 38,,,,,5,,0,167,1116,93,,281,3,000097,97,9832,19,,70,565,18,3,73
91WN03355, 91810910,91,81,Z0910,2,00,30,632,2,1,3,2,2.0,2,2,3,114,111,18,132,103,809, 0, 0, 0, 0, 68,,,,,5,,0,200,1132,93,95,281,3,000097,97,4045,63,,110,761,61,3,121
91WN03356, 91810912,91,81,Z0912,1,55,55,XC.,1,1,1,1,1.0,1,1,2,114,105,17,113,74,597, 6, 0, 0, 0, 52,,,,1,1,2,0,160,1112,93,,266,,000080,80,4676,63,,83,569,68,3,83
91WN03357, 91810913,91,81,Z0913,3,55,55,XT.,1,1,1,1,1.0,1,1,2,114,105,25,112,49,360,12, 0, 0, 0, 33,,,,1,1,1,0,158,974,93,16,281,,000080,80,1436,44,,54,379,41,3,58
91WN03358, 91810914,91,81,Z0914,1,97,97,397,2,2,5,5,4.0,4,4,4,114,98,1,110,97,878, 3, 0, 0, 0,  0,,,,1,6,1,0,100,983,,,,4,656980,80,4013,80,,116,886,97,1,103
91WN03359, 91810915,91,81,Z0915,1,97,97,397,2,2,5,5,4.0,4,4,4,114,98,1,127,99,881, 3, 0, 0, 0,  0,,,,1,6,1,0,100,983,,21,,4,656980,80,4013,80,,118,889,97,1,106
91WN03360, 91810916,91,81,Z0916,3,00,10,014,1,1,1,1,3.0,3,3,3,114,111,6,167,101,759, 0, 0, 0, 0, 72,,,,,5,,0,132,858,93,,281,3,000097,97,9294,19,,108,664,18,3,105
91WN03361, 91810918,91,81,Z0918,2,55,55,XC.,2,1,3,2,1.0,1,1,2,114,105,5,59,54,458, 4, 0, 0, 0, 32,065,,,2,1,1,0,170,1090,92,14,262,,000080,80,4812,63,,61,490,68,2,65
91WN03362, 91810919,91,81,Z0919,2,55,55,XC.,2,2,5,5,1.0,1,1,2,114,105,13,93,60,483, 4, 0, 0, 0, 36,064,,,3,1,1,0,170,1256,92,,262,,000080,80,4911,63,,67,627,68,2,74
91WN03363, 91810920,91,81,Z0920,1,55,55,XC.,2,2,5,5,1.0,1,1,2,114,105,3,99,72,591, 7, 0, 0, 0, 43,,,,2,1,2,0,170,1256,93,,266,,000080,80,4911,63,,81,633,68,3,76
91WN03364, 91810921,91,81,Z0921,2,00,30,634,2,1,3,2,6.0,6,4,2,114,105,8,128,88,716, 0, 0, 0, 0, 66,PPL,,,,5,,0,164,1070,93,,256,,000097,97,1673,63,,99,671,61,5,100
91WN03365, 91810923,91,81,Z0923,3,55,55,XC.,1,1,1,1,1.0,1,1,2,115,104,23,74,66,563, 7, 0, 0, 0, 41,,,,1,1,2,0,160,1116,93,21,321,,000080,80,4603,63,,75,583,68,*,80
91WN03366, 91810924,91,81,Z0924,3,00,10,001,2,2,5,6,2.0,2,2,2,115,104,15,98,61,492, 0, 0, 0, 0, 38,,,,,5,,0,167,1179,93,,281,,000097,97,0074,10,,69,561,18,3,74
91WN03367, 91810925,91,81,Z0925,3,00,10,001,2,2,5,4,2.0,2,2,2,115,104,8,122,74,594, 0, 0, 0, 0, 48,,,,,5,,0,167,1179,93,,281,,000097,97,0074,10,,84,605,18,3,106
91WN03368, 91810926,91,81,Z0926,2,00,10,001,1,1,1,1,2.0,2,2,2,115,104,6,129,93,770, 0, 0, 0, 0, 65,PPL,,,,5,,0,150,1086,93,,256,,000097,97,9746,19,,105,738,11,5,107
91WN03369, 91810927,91,81,Z0927,3,00,30,614,1,1,1,1,5.0,5,4,2,115,104,20,168,97,771, 0, 0, 0, 0, 69,,,,,5,,0,122,888,93,,281,,000097,97,2340,63,,109,671,63,3,113
91WN03370, 91810928,91,81,Z0928,3,00,30,634,1,1,1,1,6.0,6,4,3,115,109,20,162,106,824, 0, 0, 0, 0, 68,,,,,5,,0,164,1010,93,,281,3,000097,97,1664,63,,115,686,60,3,106
91WN03371, 91810929,91,81,Z0929,3,00,10,012,2,2,5,5,2.0,2,2,3,115,110,1,104,74,578, 0, 0, 0, 0, 46,,,,,5,,0,167,934,93,,281,3,000097,97,9624,19,,80,632,12,3,75
91WN03372, 91810930,91,81,Z0930,2,00,10,012,2,2,5,5,2.0,2,2,3,115,110,1,104,68,524, 0, 0, 0, 0, 44,,,,,5,,0,167,934,93,,281,3,000097,97,9624,19,,73,591,12,3,70
91WN03373, 91810932,91,81,Z0932,3,55,55,XT.,1,1,1,1,1.0,1,1,2,115,104,24,86,63,523, 0, 0, 0, 0, 43,,,,,2,,0,158,1002,93,04,321,,000080,80,1311,44,,71,544,41,*,74
91WN03374, 91810933,91,81,Z0933,2,00,10,001,1,1,1,1,2.0,2,2,2,115,104,21,110,75,615, 0, 0, 0, 0, 48,PPL,,,,5,,0,150,791,93,,256,,000097,97,0071,10,,85,582,12,5,94
91WN03375, 91810934,91,81,Z0934,3,00,30,634,1,1,1,1,2.0,2,2,3,116,110,7,176,108,822, 0, 0, 0, 0, 66,,,,,5,,0,134,943,93,,281,3,000097,97,4204,63,,116,722,60,3,111
91WN03376, 91810935,91,81,Z0935,2,00,10,014,2,2,5,5,5.0,5,4,3,116,108,15,125,68,514, 0, 0, 0, 0, 44,,,,,5,,0,140,962,97,,268,3,000097,97,7220,19,,74,544,18,7,0
91WN03377, 91810936,91,81,Z0936,2,00,10,014,2,2,5,5,5.0,5,4,3,116,108,15,133,81,627, 0, 0, 0, 0, 54,,,,,5,,0,140,962,97,16,268,3,000097,97,7220,19,,89,657,18,7,0
91WN03378, 91810937,91,81,Z0937,1,55,55,XT.,1,1,1,1,1.0,1,1,2,116,103,27,95,74,626, 5, 0, 0, 0, 49,,,,1,1,2,0,158,1008,93,,266,,000080,80,1325,44,,85,608,41,3,81
91WN03379, 91810938,91,81,Z0938,3,55,55,XC.,1,1,1,1,1.0,1,1,2,116,103,26,92,56,454, 4, 0, 0, 0, 39,,,,2,1,2,0,160,1098,93,,350,,000080,80,4897,63,,64,478,68,*,69
91WN03380, 91810939,91,81,Z0939,2,00,10,013,2,2,5,5,6.0,6,4,3,116,109,18,117,82,645, 6, 0, 0, 0, 54,,,,1,5,1,0,167,1252,93,,281,3,000097,97,6182,19,,89,674,12,3,87
91WN03381, 91810940,91,81,Z0940,2,00,10,013,2,2,5,5,6.0,6,4,3,116,109,18,123,80,621, 0, 0, 0, 0, 48,,,,,5,,0,167,1252,93,,281,3,000097,97,6182,19,,87,650,12,3,83
91WN03382, 91810941,91,81,Z0941,3,00,10,014,2,2,5,4,2.0,2,2,3,116,57,0,130,48,614, 0, 0, 0, 0, 48,,,,,5,,0,167,1197,97,,227,3,000097,97,0034,10,,87,,11,7,0
91WN03383, 91810942,91,81,Z0942,2,00,10,014,2,2,5,6,2.0,2,2,3,116,109,4,106,79,628, 0, 0, 0, 0, 51,,,,,5,,0,167,1197,93,,281,3,000097,97,0034,10,,86,631,11,3,87
91WN03384, 91810943,91,81,Z0943,3,00,30,604,1,1,1,1,5.0,5,4,2,116,103,5,143,94,774, 0, 0, 0, 0, 63,,,,,5,,0,134,927,93,,281,,000097,97,2123,63,,107,677,63,3,112
91WN03385, 91810946,91,81,Z0946,2,55,55,XC.,2,1,3,2,1.0,1,1,2,116,103,20,75,63,539, 8, 0, 0, 0, 39,063,,,1,1,1,0,170,1112,92,95,262,,000080,80,5027,63,,72,584,68,2,77
91WN03386, 91810948,91,81,Z0948,2,55,55,XC.,1,1,1,1,1.0,1,1,2,117,102,4,80,67,578, 5, 0, 0, 0, 43,063,,,2,1,1,0,160,1120,92,,262,,000080,80,5072,63,,77,594,68,2,77
91WN03387, 91810949,91,81,Z0949,3,55,55,XT.,1,1,1,1,1.0,1,1,2,118,101,19,68,39,319, 7, 0, 0, 0, 24,,,,1,1,2,0,158,960,93,,281,,000080,80,1059,44,,45,346,41,3,50
91WN03388, 91810950,91,81,Z0950,2,00,58,-0-,1,1,1,1,1.0,1,1,2,118,101,17,132,70,562, 0, 0, 0, 0, 54,PPL,,,,5,,0,196,1223,93,,256,,000097,97,0177,81,,81,563,55,5,83
91WN03389, 91810951,91,81,Z0951,2,00,58,-0-,2,1,3,2,1.0,1,1,2,118,101,13,119,79,664, 0, 0, 0, 0, 51,PPL,,,,5,,0,206,1241,93,,256,,000097,97,9675,80,,92,691,55,5,97
91WN03390, 91810953,91,81,Z0953,3,55,55,XC.,1,1,1,1,1.0,1,1,2,118,101,3,109,70,585, 5, 0, 0, 0, 43,,,,2,1,1,0,160,1128,93,,321,,000080,80,4502,63,,81,604,68,*,83
91WN03391, 91810954,91,81,Z0954,2,00,30,631,2,2,5,5,4.0,4,4,2,118,101,3,123,79,660, 0, 0, 0, 0, 52,PPL,,,,5,,0,154,1170,93,,256,,000097,97,2784,63,,92,731,61,5,96
91WN03392, 91810955,91,81,Z0955,2,00,30,631,2,2,5,5,4.0,4,4,2,118,101,16,116,64,519, 0, 0, 0, 0, 41,PPL,,,,5,,0,154,1170,93,,256,,000097,97,2784,63,,74,589,61,5,78
91WN03393, 91810957,91,81,Z0957,2,00,10,013,1,1,1,1,2.0,2,2,3,118,107,14,119,86,693, 0, 0, 0, 0, 55,,,,,5,,0,150,999,97,,268,3,000097,97,0040,10,,95,624,18,7,0
91WN03394, 91810958,91,81,Z0958,2,97,97,597,1,1,1,1,1.0,1,1,4,118,94,1,109,87,810, 3, 0, 0, 0,  0,973,,,1,6,1,0,100,1290,,,,,829280,80,9742,80,,108,875,97,1,90
91WN03395, 91810962,91,81,Z0962,3,00,80,326,3,2,8,5,5.0,5,4,2,118,101,27,69,68,605, 0, 0, 0, 0, 43,,,,,5,,0,214,1193,93,,281,,000097,97,9104,02,,79,661,82,3,85
91WN03396, 91810963,91,81,Z0963,2,00,80,326,3,2,8,5,5.0,5,4,2,118,101,18,72,61,533, 0, 0, 0, 0, 41,PPL,,,,5,,0,214,1193,93,,256,,000097,97,9104,02,,71,603,82,5,78
91WN03397, 91810964,91,81,Z0964,3,00,10,003,2,2,5,5,3.0,3,3,3,118,106,8,110,69,547, 0, 0, 0, 0, 44,,,,,5,,0,189,984,93,,281,3,000097,97,8926,19,,77,610,18,3,77
91WN03398, 91810965,91,81,Z0965,2,00,10,003,2,2,5,5,3.0,3,3,3,118,106,10,100,77,632, 0, 0, 0, 0, 46,,,,,5,,0,189,984,93,,281,3,000097,97,8926,19,,86,708,18,3,80
91WN03399, 91810968,91,81,Z0968,1,55,55,XC.,2,1,3,2,1.0,1,1,2,118,101,20,60,59,525, 5, 0, 0, 0, 36,,,,1,1,2,0,170,1088,93,,266,,000080,80,5077,63,,69,503,68,3,66
91WN03400, 91810971,91,81,Z0971,3,00,58,-0-,2,1,3,2,1.0,1,1,1,119,99,19,83,70,623, 0, 0, 0, 0, 44,,,,,5,,0,206,1139,93,,281,,000097,97,9626,80,,83,622,55,3,89
91WN03401, 91810972,91,81,Z0972,3,00,80,304,2,2,5,5,2.0,2,2,1,119,99,17,80,55,475, 0, 0, 0, 0, 34,,,,,5,,0,198,1191,93,,281,,000097,97,3429,03,,65,594,80,3,72
91WN03402, 91810973,91,81,Z0973,3,00,80,304,2,2,5,5,2.0,2,2,1,119,99,10,83,62,542, 0, 0, 0, 0, 42,,,,,5,,0,198,1191,93,,281,,000097,97,3429,03,,73,662,80,3,77
91WN03403, 91810975,91,81,Z0975,2,00,58,-0-,2,1,3,2,1.0,1,1,1,119,99,13,80,70,626, 0, 0, 0, 0, 48,PPL,,,,5,,0,206,1231,93,,256,,000097,97,9664,80,,83,677,55,5,87
91WN03404, 91810977,91,81,Z0977,3,00,30,603,2,1,3,2,3.0,3,3,1,119,99,6,114,79,683, 0, 0, 0, 0, 49,,,,,5,,0,162,911,93,,281,,000097,97,3368,63,,93,658,63,3,100
91WN03405, 91810978,91,81,Z0978,3,00,10,014,1,1,1,1,2.0,2,2,3,119,106,13,154,106,855, 0, 0, 0, 0, 66,,,,,5,,0,167,846,93,,281,3,000097,97,9802,19,,118,758,18,3,110
91WN03406, 91810979,91,81,Z0979,2,00,10,014,2,2,5,5,4.0,4,4,3,119,107,1,123,80,633, 0, 0, 0, 0, 52,,,,,5,,0,164,1179,93,,281,3,000097,97,8204,19,,88,665,18,3,81
91WN03407, 91810980,91,81,Z0980,2,00,10,014,2,2,5,5,4.0,4,4,3,119,107,1,122,81,643, 0, 0, 0, 0, 51,,,,,5,,0,164,1179,97,21,268,3,000097,97,8204,19,,89,675,18,7,0
91WN03408, 91810981,91,81,Z0981,2,00,10,003,1,1,1,1,2.0,2,2,3,119,107,1,125,85,678, 0, 0, 0, 0, 57,,,,,5,,0,134,846,93,95,281,3,000097,97,0117,10,,94,,11,3,99
91WN03409, 91810987,91,81,Z0987,2,00,10,001,1,1,1,1,2.0,2,2,2,120,99,20,128,76,638, 0, 0, 0, 0, 53,PPL,,,,5,,0,134,800,93,,256,,000097,97,9916,19,,89,609,11,5,92
91WN03410, 91810990,91,81,Z0990,2,00,80,313,2,1,3,2,2.0,2,2,1,120,98,26,98,75,665, 0, 0, 0, 0, 52,PPL,,,,5,,0,198,1142,93,,256,,000097,97,3703,03,,90,685,81,5,92
91WN03411, 91810991,91,81,Z0991,1,55,55,XC.,2,2,5,5,1.0,1,1,1,120,53,0,85,52,821, 0, 0, 0, 0, 52,,,,,1,,0,170,1286,97,,227,,000080,80,4641,63,,107,,68,7,0
91WN03412, 91810992,91,81,Z0992,2,55,55,XC.,2,2,5,5,1.0,1,1,1,120,98,23,88,37,288, 8, 0, 0, 0, 28,,,,1,1,1,0,170,1286,93,,281,,000080,80,4641,63,,43,462,68,3,50
91WN03413, 91810993,91,81,Z0993,3,00,10,004,2,2,5,5,2.0,2,2,3,120,106,10,131,61,452, 0, 0, 0, 0, 39,,,,,5,,0,150,913,93,,281,3,000097,97,0092,10,,67,509,18,3,70
91WN03414, 91810994,91,81,Z0994,2,00,10,004,2,2,5,5,2.0,2,2,3,120,106,10,122,68,526, 0, 0, 0, 0, 41,,,,,5,,0,150,913,93,,281,3,000097,97,0092,10,,75,596,18,3,71
91WN03415, 91810995,91,81,Z0995,3,55,55,XC.,1,1,1,1,1.0,1,1,1,121,97,12,104,69,604, 4, 0, 0, 0, 45,,,,2,1,1,0,160,1134,93,,321,,000080,80,4577,63,,83,645,68,*,84
91WN03416, 91810996,91,81,Z0996,3,00,10,001,2,1,3,2,2.0,2,2,1,121,97,19,109,77,681, 0, 0, 0, 0, 54,,,,,5,,0,184,999,93,,281,,000097,97,0094,10,,93,650,11,3,95
91WN03417, 91810997,91,81,Z0997,2,00,58,-0-,1,1,1,1,1.0,1,1,1,121,97,32,110,63,536, 0, 0, 0, 0, 42,PPL,,,,5,,0,196,1217,93,,256,,000097,97,9656,80,,75,562,55,5,82
91WN03418, 91810998,91,81,Z0998,3,00,10,003,1,1,1,1,5.0,5,4,3,121,103,3,145,105,879, 0, 0, 0, 0, 57,,,,,5,,0,140,1006,93,,281,3,000097,97,7374,19,,120,748,12,3,106
91WN03419, 91811000,91,81,Z1000,2,00,80,304,3,2,8,4,2.0,2,2,1,122,96,1,92,61,540, 0, 0, 0, 0, 40,,,,,5,,0,232,1267,93,,281,,000097,97,3376,03,,74,554,80,3,75
91WN03420, 91811001,91,81,Z1001,3,00,80,304,3,2,8,6,2.0,2,2,1,122,51,0,78,36,553, 0, 0, 0, 0, 36,,,,,5,,0,232,1267,97,,227,,000097,97,3376,03,,74,,80,7,0
91WN03421, 91811003,91,81,Z1003,3,55,55,XC.,2,1,3,2,1.0,1,1,1,122,96,22,83,63,570,11, 0, 0, 0, 38,,,,1,1,1,0,170,1126,93,,321,,000080,80,4942,63,,77,621,68,*,81
91WN03422, 91811004,91,81,Z1004,2,00,80,326,2,2,5,6,3.5,3,3,1,122,96,18,109,56,470, 0, 0, 0, 0, 34,,,,,5,,0,217,1378,93,,281,,000097,97,1323,03,,67,546,82,3,66
91WN03423, 91811005,91,81,Z1005,2,00,80,326,2,2,5,4,3.5,3,3,1,122,96,11,129,74,636, 0, 0, 0, 0, 50,PPL,,,,5,,0,217,1378,93,,256,,000097,97,1323,03,,89,655,82,5,89
91WN03424, 91811007,91,81,Z1007,2,55,55,XT.,2,1,3,2,1.0,1,1,1,123,95,18,83,64,586, 5, 0, 0, 0, 39,063,,,2,1,1,0,168,1022,92,,262,,000080,80,1162,44,,79,658,48,2,75
91WN03425, 91811008,91,81,Z1008,3,00,30,604,1,1,1,1,7.0,7,5,1,123,95,5,119,69,601, 0, 0, 0, 0, 45,,,,,5,,0,142,1010,93,,281,,000097,97,0793,63,,84,591,63,3,83
91WN03426, 91811009,91,81,Z1009,2,00,58,297,3,2,8,4,5.0,5,4,4,123,89,1,102,69,661, 0, 0, 0, 0,  0,PPL,,,,5,,0,180,1286,93,,256,,000000,00,1198,80,,89,643,97,5,77
91WN03427, 91811011,91,81,Z1011,2,00,58,297,3,2,8,6,5.0,5,4,4,123,89,1,83,69,682, 0, 0, 0, 0,  0,PPL,,,,5,,0,180,1286,93,,256,,000000,00,1198,80,,90,722,97,5,75
91WN03428, 91811014,91,81,Z1014,3,00,10,014,2,2,5,5,4.0,4,4,3,124,101,18,124,69,560, 0, 0, 0, 0, 41,,,,,5,,0,164,971,97,,268,3,000097,97,8186,19,,80,583,12,7,0
91WN03429, 91811015,91,81,Z1015,3,00,10,014,2,2,5,5,4.0,4,4,3,124,101,18,124,75,620, 0, 0, 0, 0, 43,,,,,5,,0,164,971,93,,281,3,000097,97,8186,19,,87,643,12,3,83
91WN03430, 91811016,91,81,Z1016,2,00,10,004,1,1,1,1,2.0,2,2,3,124,101,17,143,85,700, 0, 0, 0, 0, 55,,,,,5,,0,150,1008,93,,281,3,000097,97,9877,19,,98,636,18,3,86
91WN03431, 91811017,91,81,Z1017,1,55,55,XT.,1,1,1,1,1.0,1,1,1,124,94,1,109,52,437, 8, 0, 0, 0, 30,,,,1,1,2,0,158,978,93,,266,,000080,80,1284,44,,63,438,48,3,52
91WN03432, 91811018,91,81,Z1018,3,00,80,326,2,1,3,2,3.0,3,3,1,124,94,12,119,81,735, 0, 0, 0, 0, 50,,,,,5,,0,217,1258,93,,281,,000097,97,2032,03,,100,714,82,3,101
91WN03433, 91811020,91,81,Z1020,2,00,10,013,2,2,5,5,2.0,2,2,3,124,101,19,116,70,578, 0, 0, 0, 0, 44,,,,,5,,0,167,962,97,,268,3,000097,97,9598,19,,81,651,11,7,0
91WN03434, 91811021,91,81,Z1021,3,00,10,013,2,2,5,5,2.0,2,2,3,124,101,17,102,74,632, 0, 0, 0, 0, 43,,,,,5,,0,167,962,93,,281,3,000097,97,9598,19,,86,693,11,3,82
91WN03435, 91811023,91,81,Z1023,2,00,58,-0-,2,1,3,2,1.0,1,1,1,124,94,27,91,58,520, 0, 0, 0, 0, 34,,,,,5,,0,206,1211,93,,281,,000097,97,9682,80,,72,574,55,3,75
91WN03436, 91811024,91,81,Z1024,3,00,80,302,1,1,1,1,2.0,2,2,2,125,94,14,105,64,569, 0, 0, 0, 0, 41,,,,,5,,0,181,1075,93,,281,,000097,97,3606,03,,79,517,80,3,82
91WN03437, 91811025,91,81,Z1025,3,55,55,XT.,1,1,1,1,1.0,1,1,1,125,93,29,99,50,431, 8, 0, 0, 0, 32,,,,1,1,1,0,158,998,93,,281,,000080,80,1116,44,,62,491,48,3,61
91WN03438, 91811026,91,81,Z1026,3,00,58,-0-,1,1,1,1,1.0,1,1,1,125,93,33,144,71,609, 0, 0, 0, 0, 50,,,,,5,,0,196,1237,93,,281,,000097,97,9832,80,,87,610,55,3,93
91WN03439, 91811027,91,81,Z1027,3,00,58,-0-,1,1,1,1,1.0,1,1,1,125,48,0,125,45,677, 0, 0, 0, 0, 45,,,,,5,,0,196,1237,97,,227,,000097,97,9872,80,,94,,55,7,0
91WN03440, 91811028,91,81,Z1028,2,55,55,XT.,1,1,1,1,1.0,1,1,1,125,93,10,96,42,348, 7, 0, 0, 0, 27,,,,1,2,1,0,158,980,93,06,281,,000080,80,1120,44,,51,398,48,3,55
91WN03441, 91811029,91,81,Z1029,2,55,55,XC.,1,1,1,1,1.0,1,1,1,125,93,34,116,65,574, 5, 0, 0, 0, 45,063,,,2,1,1,0,160,1136,92,,262,,000080,80,4555,63,,81,636,68,2,77
91WN03442, 91811030,91,81,Z1030,3,00,80,304,1,1,1,1,3.5,3,3,2,125,94,25,55,35,314, 0, 0, 0, 0, 20,,,,,5,,0,203,1192,93,,281,X,000097,97,1315,03,,43,267,80,3,47
91WN03443, 91811031,91,81,Z1031,3,00,20,T-3,2,2,5,4,4.0,4,4,2,125,94,2,148,80,694, 0, 0, 0, 0, 50,,,,,5,,0,184,1279,93,,281,,000097,97,9373,43,,98,677,48,3,96
91WN03444, 91811032,91,81,Z1032,2,00,20,T-3,2,2,5,6,4.0,4,4,2,125,94,10,121,72,637, 0, 0, 0, 0, 46,PPL,,,,5,,0,184,1279,93,,256,,000097,97,9373,43,,89,649,48,5,87
91WN03445, 91811034,91,81,Z1034,3,00,80,304,1,1,1,1,2.0,2,2,2,125,94,30,140,91,819, 0, 0, 0, 0, 63,,,,,5,,0,181,1144,93,,281,,000097,97,3821,03,,112,765,80,3,108
91WN03446, 91811035,91,81,Z1035,3,55,55,XC.,1,1,1,1,1.0,1,1,1,126,92,18,78,58,546, 4, 0, 0, 0, 34,Rum,,,2,1,1,0,160,1122,,,,,000080,80,4972,63,,73,603,68,9,72
91WN03447, 91811036,91,81,Z1036,2,00,80,304,2,1,3,2,2.0,2,2,2,126,93,20,86,66,617, 0, 0, 0, 0, 42,PPL,,,,5,,0,215,1080,93,,256,,000097,97,4256,03,,83,619,80,5,79
91WN03448, 91811038,91,81,Z1038,1,97,97,597,1,1,1,1,1.0,1,1,4,127,85,1,129,71,684, 5, 0, 0, 0,  0,,,,1,6,1,0,100,1110,93,66,266,,829280,80,9763,80,,95,698,97,3,74
91WN03449, 91811039,91,81,Z1039,3,00,58,-0-,2,1,3,2,1.0,1,1,1,128,90,32,103,71,674, 0, 0, 0, 0, 46,,,,,5,,0,206,1241,93,,281,,000097,97,9621,80,,91,680,55,3,91
91WN03450, 91811040,91,81,Z1040,3,00,80,304,2,2,5,6,3.0,3,3,2,128,91,5,98,65,607, 0, 0, 0, 0, 39,,,,,5,,0,203,1376,93,,281,,000097,97,1983,03,,83,694,80,3,76
91WN03451, 91811041,91,81,Z1041,3,00,80,304,2,2,5,4,3.0,3,3,2,128,91,19,124,75,688, 0, 0, 0, 0, 46,,,,,5,,0,203,1376,93,,281,,000097,97,1983,03,,95,716,80,3,93
91WN03452, 91811043,91,81,Z1043,3,55,55,XC.,1,1,1,1,1.0,1,1,1,129,89,11,114,61,557, 0, 0, 0, 0, 39,,,,,1,,0,160,1132,93,14,350,,000080,80,4742,63,,78,619,68,*,72
91WN03453, 91811044,91,81,Z1044,2,00,20,T-1,2,2,5,5,3.0,3,3,2,130,89,11,132,64,571, 0, 0, 0, 0, 36,PPL,,,,5,,0,144,960,93,,256,,000097,97,0197,44,,82,695,40,5,83
91WN03454, 91811045,91,81,Z1045,3,00,20,T-1,2,2,5,5,3.0,3,3,2,130,89,13,138,61,530, 0, 0, 0, 0, 39,,,,,5,,0,144,960,93,,281,,000097,97,0197,44,,77,642,40,3,78
91WN03455, 91811050,91,81,Z1050,3,00,20,T-5,1,1,1,1,2.0,2,2,2,131,88,8,154,78,711, 0, 0, 0, 0, 48,,,,,5,,0,133,843,93,,281,,000097,97,0716,44,,101,665,48,3,97
91WN03456, 91811052,91,81,Z1052,3,00,20,T-2,2,2,5,5,7.0,7,5,2,132,87,19,126,60,545, 0, 0, 0, 0, 36,,,,,5,,0,174,1295,93,,281,,000097,97,6485,43,,78,672,40,3,77
91WN03457, 91811053,91,81,Z1053,2,00,20,T-2,2,2,5,5,7.0,7,5,2,132,87,19,131,64,585, 0, 0, 0, 0, 41,PPL,,,,5,,0,174,1295,93,,256,,000097,97,6485,43,,83,725,40,5,83
91WN03458, 91811054,91,81,Z1054,3,00,58,-0-,2,2,5,5,4.0,4,4,3,135,38,0,98,33,611, 0, 0, 0, 0, 33,,,,,5,,0,199,1434,97,,227,3,000097,97,4878,80,,83,,47,7,0
91WN03459, 91811055,91,81,Z1055,3,00,58,-0-,2,2,5,5,4.0,4,4,3,135,89,4,96,68,656, 0, 0, 0, 0, 30,,,,,5,,0,199,1434,93,,281,3,000097,97,4878,80,,88,862,47,3,80
91WN03460, 91811056,91,81,Z1056,3,00,58,-0-,2,1,3,2,3.0,3,3,3,136,88,19,107,50,447, 0, 0, 0, 0, 29,,,,,5,,0,199,1294,93,,281,3,000097,97,7254,80,,64,542,47,3,50
91WN03461, 91811057,91,81,Z1057,3,00,58,-0-,2,1,3,2,3.0,3,3,3,136,88,10,106,77,755, 0, 0, 0, 0, 43,,,,,5,,0,199,1294,93,,281,3,000097,97,7254,80,,101,861,47,3,84
91WN03462, 91811058,91,81,Z1058,3,00,59,-0-,2,2,5,5,5.0,5,4,3,136,88,20,109,69,660, 0, 0, 0, 0, 36,,,,,5,,0,210,1297,93,,281,3,000097,97,0917,80,,90,852,65,3,74
91WN03463, 91811059,91,81,Z1059,3,00,59,-0-,2,2,5,5,5.0,5,4,3,136,88,20,113,70,667, 0, 0, 0, 0, 37,,,,,5,,0,210,1297,93,,281,3,000097,97,0917,80,,91,859,65,3,69
91WN03464, 91811060,91,81,Z1060,3,00,58,-0-,2,2,5,5,4.0,4,4,3,137,89,5,85,61,590, 0, 0, 0, 0, 30,,,,,5,,0,211,1290,93,,281,3,000097,97,4363,80,,79,795,45,3,68
91WN03465, 91811061,91,81,Z1061,2,00,58,-0-,2,2,5,5,4.0,4,4,3,137,89,5,87,63,610, 0, 0, 0, 0, 32,,,,,5,,0,211,1290,93,,281,3,000097,97,4363,80,,82,842,45,3,74
91WN03466, 91811062,91,81,Z1062,3,00,58,-0-,2,2,5,5,6.0,6,4,3,137,36,0,106,33,622, 0, 0, 0, 0, 33,,,,,5,,0,205,1191,10,,217,3,000097,97,0517,80,,85,,47,6,0
91WN03467, 91811063,91,81,Z1063,3,00,58,-0-,2,2,5,5,6.0,6,4,3,137,36,,107,32,592, 0, 0, 0, 0, 32,,,,,5,,0,205,1191,10,,191,3,000097,97,0517,80,,82,,47,6,0
91WN03468, 91811064,91,81,Z1064,2,00,59,-0-,2,1,3,2,3.0,3,3,3,137,89,14,117,79,756, 0, 0, 0, 0, 38,,,,,5,,0,184,1032,93,,281,3,000097,97,6046,80,,102,894,67,3,78
91WN03469, 91811065,91,81,Z1065,3,00,59,-0-,2,2,5,5,3.0,3,3,3,137,89,6,106,67,634, 0, 0, 0, 0, 32,,,,,5,,0,184,1032,93,,281,3,000097,97,6046,80,,87,818,67,3,76
91WN03470, 91811066,91,81,Z1066,3,00,58,-0-,3,2,8,5,4.0,4,4,3,137,88,12,115,72,688, 0, 0, 0, 0, 37,,,,,5,,0,249,1443,93,,281,3,000097,97,4431,80,,94,890,47,3,74
91WN03471, 91811067,91,81,Z1067,3,00,58,-0-,3,2,8,5,4.0,4,4,3,137,88,12,113,64,599, 0, 0, 0, 0, 33,,,,,5,,0,249,1443,93,,281,3,000097,97,4431,80,,83,801,47,3,70
91WN03472, 91811068,91,81,Z1068,3,00,58,-0-,3,2,8,5,4.0,4,4,3,137,89,5,95,70,680, 0, 0, 0, 0, 35,,,,,5,,0,249,1443,93,,281,3,000097,97,4431,80,,91,885,47,3,77
91WN03473, 91811069,91,81,Z1069,3,00,58,-0-,2,2,5,5,4.0,4,4,3,138,88,1,105,75,733, 0, 0, 0, 0, 35,,,,,5,,0,199,1134,93,,281,3,000097,97,5101,80,,98,949,45,3,79
91WN03474, 91811070,91,81,Z1070,2,00,58,-0-,2,2,5,5,4.0,4,4,3,138,88,1,113,65,610, 0, 0, 0, 0, 33,,,,,5,,0,199,1134,93,,281,3,000097,97,5101,80,,85,853,45,3,71
91WN03475, 91811071,91,81,Z1071,3,00,59,-0-,2,2,5,5,3.0,3,3,3,138,35,0,108,36,720, 0, 0, 0, 0, 36,,,,,5,,0,199,1282,97,,227,3,000097,97,5665,80,,97,,67,7,0
91WN03476, 91811072,91,81,Z1072,3,00,59,-0-,2,2,5,5,3.0,3,3,3,138,88,13,117,61,560, 0, 0, 0, 0, 37,,,,,5,,0,199,1282,93,,281,3,000097,97,5665,80,,79,741,67,3,65
91WN03477, 91811073,91,81,Z1073,3,00,58,-0-,2,1,3,2,3.0,3,3,3,138,86,5,86,64,644, 5, 0, 0, 0, 32,,,,2,5,2,0,170,1040,93,,281,3,000097,97,5870,80,,86,768,58,3,73
91WN03478, 91811074,91,81,Z1074,3,00,58,-0-,2,1,3,2,3.0,3,3,3,138,87,5,125,89,879, 0, 0, 0, 0, 49,,,,,5,,0,170,1040,93,,281,3,000097,97,5870,80,,118,997,58,3,86
91WN03479, 91811076,91,81,Z1076,3,00,59,-0-,2,1,3,2,4.0,4,4,3,138,88,1,133,89,860, 0, 0, 0, 0, 36,,,,,5,,0,186,1224,93,,281,3,000097,97,3649,80,,117,998,65,3,96
91WN03480, 91811077,91,81,Z1077,3,00,59,-0-,2,2,5,5,3.0,3,3,3,138,87,1,126,67,625, 0, 0, 0, 0, 34,,,,,5,,0,199,1470,97,,268,3,000097,97,5955,80,,88,826,67,7,0
91WN03481, 91811078,91,81,Z1078,2,00,59,-0-,2,2,5,5,3.0,3,3,3,138,87,1,112,54,492, 0, 0, 0, 0, 25,,,,,5,,0,199,1470,93,,281,3,000097,97,5955,80,,70,720,67,3,60
91WN03482, 91811079,91,81,Z1079,3,00,58,-0-,2,2,5,5,4.0,4,4,3,138,87,15,134,66,605, 0, 0, 0, 0, 38,,,,,5,,0,199,1398,93,,281,3,000097,97,4833,80,,86,809,47,3,76
91WN03483, 91811080,91,81,Z1080,3,00,58,-0-,2,2,5,5,4.0,4,4,3,138,87,13,117,65,613, 0, 0, 0, 0, 33,,,,,5,,0,199,1398,97,,268,3,000097,97,4833,80,,85,819,47,7,0
91WN03484, 91811081,91,81,Z1081,2,00,59,-0-,4,2,0,4,5.0,5,4,3,139,86,7,88,64,642, 0, 0, 0, 0, 32,,,,,5,,0,210,1226,93,,281,3,000097,97,0936,80,,86,866,65,3,63
91WN03485, 91811082,91,81,Z1082,2,00,59,-0-,4,2,0,6,5.0,5,4,3,139,86,6,71,41,394, 0, 0, 0, 0, 21,,,,,5,,0,210,1226,97,,268,3,000097,97,0936,80,,54,712,65,7,0
91WN03486, 91811083,91,81,Z1083,2,00,58,-0-,1,1,1,1,3.0,3,3,3,139,85,1,143,72,679, 0, 0, 0, 0, 39,,,,,5,,0,184,1254,93,,281,3,000097,97,7166,80,,96,771,47,3,92
91WN03487, 91811084,91,81,Z1084,3,00,59,-0-,4,1,0,2,5.0,5,4,3,139,86,6,93,62,613, 0, 0, 0, 0, 32,,,,,5,,0,210,1226,93,,281,3,000097,97,0936,80,,83,756,65,3,62
91WN03488, 91811086,91,81,Z1086,2,00,58,-0-,3,2,8,5,5.0,5,4,3,139,85,14,127,59,545, 0, 0, 0, 0, 35,,,,,5,,0,221,1478,97,,268,3,000097,97,1583,80,,78,788,47,7,0
91WN03489, 91811087,91,81,Z1087,3,00,58,-0-,3,2,8,5,5.0,5,4,3,139,85,14,116,76,758, 0, 0, 0, 0, 37,,,,,5,,0,221,1478,93,,281,3,000097,97,1583,80,,103,974,47,3,82
91WN03490, 91811088,91,81,Z1088,2,00,58,-0-,3,1,7,2,5.0,5,4,3,139,87,12,117,74,716, 0, 0, 0, 0, 38,,,,,5,,0,221,1478,97,,268,3,000097,97,1583,80,,98,888,47,7,0
91WN03491, 91811089,91,81,Z1089,3,00,58,,1,1,1,1,1.0,1,1,2,100,119,20,110,73,521, 4, 0, 0, 0, 49,,,,2,1,2,0,100,740,93,,321,X,000000,00,9505,80,,74,,00,*,90
91WN03492, 91811090,91,81,Z1090,3,00,,,1,1,1,1,0.0,4,5,2,73,146,18,100,98,603, 0, 0, 0, 0, 77,,,,,5,,0,0,0,93,,281,X,000000,00,0000,00,,82,,00,3,111
91WN03493, 91811091,91,81,Z1091,3,00,,,1,1,1,1,0.0,4,5,2,78,141,6,100,109,702, 0, 0, 0, 0, 83,,,,,5,,0,0,0,93,,281,X,000000,00,0000,00,,94,,00,3,120
91WN03494, 91811092,91,81,Z1092,3,00,10,003,1,1,1,1,2.0,2,2,2,122,97,5,110,75,660, 0, 0, 0, 0, 47,,,,,5,,0,134,802,93,,281,,000097,97,0127,10,,90,606,12,3,92
91WN03495, 91811093,91,81,Z1093,3,00,,,1,1,1,1,0.0,4,5,2,66,153,10,100,93,542, 9, 0, 0, 0, 71,,,,1,1,1,0,0,0,93,,281,X,000000,00,0000,00,,75,,00,3,99
91WN03496, 91811095,91,81,Z1095,3,00,59,-0-,3,1,7,2,6.0,6,4,1,139,79,5,117,71,751, 0, 0, 0, 0, 38,,,,,5,,0,217,1053,93,,281,B,000097,97,8733,94,,102,934,00,3,89
91WN03497, 91811097,91,81,Z1097,2,00,59,-0-,2,2,5,4,3.0,3,3,3,139,85,4,128,66,626, 0, 0, 0, 0, 33,,,,,5,,0,213,1100,93,,281,3,000097,97,6483,80,,88,839,65,3,73
91WN03498, 91811098,91,81,Z1098,2,00,59,-0-,2,2,5,6,3.0,3,3,3,139,85,5,103,62,608, 0, 0, 0, 0, 31,,,,,5,,0,213,1100,93,,281,3,000097,97,6483,80,,83,912,65,3,68
91WN03499, 91811100,91,81,Z1100,2,00,58,-0-,2,1,3,2,3.0,3,3,3,140,86,5,101,67,662, 0, 0, 0, 0, 30,,,,,5,,0,184,933,93,,281,3,000097,97,7815,80,,89,828,47,3,74
91WN03500, 91811102,91,81,Z1102,3,00,58,-0-,2,2,5,5,3.0,3,3,3,139,86,18,89,51,490, 0, 0, 0, 0, 27,,,,,5,,0,241,1314,93,,281,3,000097,97,7776,80,,68,675,45,3,59
91WN03501, 91811103,91,81,Z1103,3,00,58,-0-,2,2,5,5,3.0,3,3,3,139,86,19,82,53,521, 0, 0, 0, 0, 26,,,,,5,,0,241,1314,93,,281,3,000097,97,7776,80,,71,705,45,3,62
91WN03502, 91811104,91,81,Z1104,3,00,59,-0-,2,2,5,5,3.0,3,3,3,140,86,7,140,58,512, 0, 0, 0, 0, 29,,,,,5,,0,199,1211,93,,281,3,000097,97,6205,80,,75,711,65,3,62
91WN03503, 91811105,91,81,Z1105,3,00,59,-0-,2,2,5,5,3.0,3,3,3,140,86,7,132,70,660, 0, 0, 0, 0, 34,,,,,5,,0,199,1211,93,,281,3,000097,97,6205,80,,92,859,65,3,75
91WN03504, 91811106,91,81,Z1106,3,00,58,-0-,2,2,5,5,3.0,3,3,3,139,85,10,124,60,560, 0, 0, 0, 0, 38,,,,,5,,0,241,1358,93,,281,3,000097,97,6654,80,,80,761,47,3,66
91WN03505, 91811107,91,81,Z1107,3,00,58,-0-,2,2,5,5,3.0,3,3,3,139,85,7,120,57,529, 0, 0, 0, 0, 33,,,,,5,,0,241,1358,93,,281,3,000097,97,6654,80,,76,734,47,3,69
91WN03506, 91811108,91,81,Z1108,2,00,59,-0-,2,2,5,4,4.0,4,4,3,140,33,0,127,33,615, 0, 0, 0, 0, 33,,,,,5,,0,199,1421,97,,227,3,000097,97,3842,80,,87,,65,7,0
91WN03507, 91811109,91,81,Z1109,3,00,59,-0-,2,2,5,6,4.0,4,4,3,140,85,7,100,53,506, 0, 0, 0, 0, 29,,,,,5,,0,199,1421,93,,281,3,000097,97,3842,80,,71,788,65,3,55
91WN03508, 91811112,91,81,Z1112,2,00,58,-0-,3,1,7,2,3.0,3,3,3,140,85,6,87,44,415, 0, 0, 0, 0, 23,,,,,5,,0,227,872,93,,281,3,000097,97,7843,80,,59,585,45,3,47
91WN03509, 91811113,91,81,Z1113,3,00,58,-0-,2,2,5,5,5.0,5,4,3,140,85,8,121,59,552, 0, 0, 0, 0, 34,,,,,5,,0,210,1312,93,,281,3,000097,97,2091,80,,78,776,45,3,86
91WN03510, 91811114,91,81,Z1114,2,00,58,-0-,2,2,5,5,5.0,5,4,3,140,85,4,117,62,592, 0, 0, 0, 0, 36,,,,,5,,0,210,1312,93,,281,3,000097,97,2091,80,,83,848,45,3,59
91WN03511, 91811115,91,81,Z1115,2,00,58,-0-,3,2,8,5,4.0,4,4,3,141,83,3,108,53,508, 0, 0, 0, 0, 25,,,,,5,,0,224,1437,93,,281,3,000097,97,5140,80,,72,776,47,3,60
91WN03512, 91811116,91,81,Z1116,2,00,58,-0-,3,2,8,5,4.0,4,4,3,141,83,4,106,54,523, 0, 0, 0, 0, 25,,,,,5,,0,224,1437,93,,281,3,000097,97,5140,80,,73,790,47,3,58
91WN03513, 91811118,91,81,Z1118,3,00,59,-0-,2,2,5,5,6.0,6,4,3,141,83,13,128,63,605, 0, 0, 0, 0, 32,,,,,5,,0,195,1434,97,,268,3,000097,97,8841,94,,85,834,67,7,0
91WN03514, 91811119,91,81,Z1119,2,00,59,-0-,2,2,5,5,6.0,6,4,3,141,32,,117,30,572, 0, 0, 0, 0, 30,,,,,5,,0,195,1434,10,,203,3,000097,97,8841,94,,80,,67,6,0
91WN03515, 91811120,91,81,Z1120,2,00,58,-0-,2,2,5,5,3.0,3,3,3,140,33,0,128,18,158, 0, 0, 0, 0, 18,,,,,5,,0,184,899,97,,227,3,000097,97,7424,80,,32,,47,7,0
91WN03516, 91811121,91,81,Z1121,2,00,58,-0-,2,2,5,5,3.0,3,3,3,140,33,0,144,29,442, 0, 0, 0, 0, 29,,,,,5,,0,184,899,97,,227,3,000097,97,7424,80,,67,,47,7,0
91WN03517, 91811122,91,81,Z1122,2,00,58,-0-,2,1,3,2,3.0,3,3,3,141,83,5,120,71,711, 0, 0, 0, 0, 35,,,,,5,,0,184,1143,93,,281,3,000097,97,7514,80,,97,894,47,3,83
91WN03518, 91811124,91,81,Z1124,2,00,59,-0-,2,2,5,5,7.0,7,5,3,141,83,8,120,56,530, 0, 0, 0, 0, 34,,,,,5,,0,199,1391,93,,281,3,000097,97,6876,94,,76,803,67,3,62
91WN03519, 91811125,91,81,Z1125,3,00,59,-0-,2,2,5,5,7.0,7,5,3,141,83,7,126,54,499, 0, 0, 0, 0, 31,,,,,5,,0,199,1391,93,,281,3,000097,97,6876,94,,72,747,67,3,54
91WN03520, 91811126,91,81,Z1126,3,00,58,-0-,2,2,5,5,3.0,3,3,3,141,84,14,124,73,721, 0, 0, 0, 0, 36,,,,,5,,0,199,1421,93,,281,3,000097,97,6422,80,,99,923,47,3,81
91WN03521, 91811127,91,81,Z1127,3,00,58,-0-,2,2,5,5,3.0,3,3,3,141,32,0,124,30,550, 0, 0, 0, 0, 30,,,,,5,,0,199,1421,97,,227,3,000097,97,6422,80,,78,,47,7,0
91WN03522, 91811128,91,81,Z1128,2,00,58,-0-,3,2,8,5,3.0,3,3,3,141,84,6,97,54,527, 0, 0, 0, 0, 25,,,,,5,,0,227,1361,93,,281,3,000097,97,7171,80,,73,766,45,3,61
91WN03523, 91811129,91,81,Z1129,3,00,58,-0-,3,2,8,5,3.0,3,3,3,141,32,0,110,29,563, 0, 0, 0, 0, 29,,,,,5,,0,227,1361,97,,227,3,000097,97,7171,80,,79,,45,7,0
91WN03524, 91811131,91,81,Z1131,3,00,58,-0-,3,3,9,8,3.0,3,3,3,141,32,0,93,25,491, 0, 0, 0, 0, 25,,,,,5,,0,227,1352,97,,227,3,000097,97,7482,80,,68,,45,7,0
91WN03525, 91811132,91,81,Z1132,2,00,58,-0-,3,3,9,8,3.0,3,3,3,141,84,14,90,39,357, 0, 0, 0, 0, 19,,,,,5,,0,227,1352,93,,281,3,000097,97,7482,80,,52,656,45,3,50
91WN03526, 91811133,91,81,Z1133,3,00,58,-0-,3,3,9,8,3.0,3,3,3,141,84,14,76,40,386, 0, 0, 0, 0, 19,,,,,5,,0,227,1352,93,,281,3,000097,97,7482,80,,54,645,45,3,51
91WN03527, 91811134,91,81,Z1134,2,00,59,-0-,1,1,1,1,3.0,3,3,3,142,83,13,130,78,783, 0, 0, 0, 0, 38,,,,,5,,0,156,965,93,,281,3,000097,97,6253,80,,107,871,67,3,80
91WN03528, 91811135,91,81,Z1135,2,00,58,-0-,1,1,1,1,7.0,7,5,3,142,84,8,114,54,507, 0, 0, 0, 0, 31,,,,,5,,0,163,1183,93,,281,3,000097,97,7683,94,,72,627,47,3,59
91WN03529, 91811136,91,81,Z1136,3,00,59,-0-,1,1,1,1,5.0,5,4,3,141,83,19,123,55,514, 0, 0, 0, 0, 30,,,,,5,,0,210,1376,93,,281,3,000097,97,1150,80,,74,589,65,3,57
91WN03530, 91811138,91,81,Z1138,2,00,58,-0-,2,1,3,2,5.0,5,4,3,142,84,1,123,65,627, 0, 0, 0, 0, 33,,,,,5,,0,221,986,93,,281,3,000097,97,2556,80,,88,,45,3,78
91WN03531, 91811140,91,81,Z1140,2,00,59,-0-,2,1,3,2,4.0,4,4,3,142,31,0,143,26,377, 0, 0, 0, 0, 26,,,,,5,,0,199,1238,97,,227,3,000097,97,3961,80,,60,,65,7,0
91WN03532, 91811141,91,81,Z1141,3,00,58,-0-,2,2,5,5,3.0,3,3,3,143,83,10,107,59,582, 0, 0, 0, 0, 27,,,,,5,,0,184,1247,93,,281,3,000097,97,6549,80,,81,794,47,3,77
91WN03533, 91811142,91,81,Z1142,2,00,58,-0-,2,2,5,5,3.0,3,3,3,143,30,0,97,30,677, 0, 0, 0, 0, 30,,,,,5,,0,184,1247,97,,227,3,000097,97,6549,80,,91,,47,7,0
91WN03534, 91811143,91,81,Z1143,3,00,58,-0-,1,1,1,1,4.0,4,4,1,143,75,35,157,64,644, 0, 0, 0, 0, 40,,,,,5,,0,125,1040,93,,281,B,000097,97,4430,80,,93,744,00,3,87
91WN03535, 91811144,91,81,Z1144,2,00,59,-0-,2,2,5,5,4.0,4,4,3,143,81,4,104,39,353, 0, 0, 0, 0, 32,,,,,5,,0,199,1268,93,,281,3,000097,97,3460,80,,53,631,65,3,44
91WN03536, 91811145,91,81,Z1145,2,00,59,-0-,2,2,5,5,4.0,4,4,3,143,81,3,118,67,681, 0, 0, 0, 0, 32,,,,,5,,0,199,1268,93,21,281,3,000097,97,3460,80,,94,961,65,3,72
91WN03537, 91811146,91,81,Z1146,3,00,58,-0-,1,1,1,1,4.0,4,4,3,143,30,0,98,28,607, 0, 0, 0, 0, 28,,,,,5,,0,174,1078,97,,227,3,000097,97,5329,80,,83,,47,7,0
91WN03538, 91811147,91,81,Z1147,2,00,58,-0-,1,1,1,1,4.0,4,4,1,143,30,0,122,33,693, 0, 0, 0, 0, 33,,,,,5,,0,175,665,12,,183,B,000097,97,4687,80,,95,,00,6,0
91WN03539, 91811148,91,81,Z1148,3,00,59,-0-,2,2,5,6,3.0,3,3,3,143,83,8,98,63,641, 0, 0, 0, 0, 28,,,,,5,,0,213,1405,93,,281,3,000097,97,5691,80,,87,913,67,3,71
91WN03540, 91811149,91,81,Z1149,2,00,59,-0-,2,2,5,4,3.0,3,3,3,143,83,8,123,70,695, 0, 0, 0, 0, 32,,,,,5,,0,213,1405,93,,281,3,000097,97,5691,80,,96,914,67,3,76
91WN03541, 91811150,91,81,Z1150,2,00,59,-0-,2,2,5,5,6.0,6,4,3,143,83,6,104,56,549, 0, 0, 0, 0, 28,,,,,5,,0,185,1221,93,,281,3,000097,97,9088,94,,76,814,67,3,61
91WN03542, 91811151,91,81,Z1151,3,00,59,-0-,2,2,5,5,6.0,6,4,3,143,83,3,90,55,554, 0, 0, 0, 0, 25,,,,,5,,0,185,1221,93,,281,3,000097,97,9088,94,,76,795,67,3,56
91WN03543, 91811152,91,81,Z1152,3,00,58,-0-,1,1,1,1,4.0,4,4,3,144,81,2,114,70,723, 0, 0, 0, 0, 34,,,,,5,,0,174,1216,93,,281,3,000097,97,4561,80,,98,830,47,3,82
91WN03544, 91811153,91,81,Z1153,3,00,58,-0-,2,2,5,5,3.0,3,3,3,144,81,19,105,61,623, 0, 0, 0, 0, 28,,,,,5,,0,184,1307,93,,281,3,000097,97,7417,80,,85,835,47,3,71
91WN03545, 91811154,91,81,Z1154,2,00,58,-0-,2,2,5,5,3.0,3,3,3,144,81,18,107,51,498, 0, 0, 0, 0, 26,,,,,5,,0,184,1307,93,,281,3,000097,97,7417,80,,70,739,47,3,56
91WN03546, 91811156,91,81,Z1156,2,00,58,-0-,2,2,5,6,4.0,4,4,3,144,81,12,83,44,441, 0, 0, 0, 0, 23,,,,,5,,0,211,1254,97,,268,3,000097,97,5415,80,,61,779,47,7,0
91WN03547, 91811157,91,81,Z1157,2,00,58,-0-,2,2,5,4,4.0,4,4,3,144,81,12,105,51,500, 0, 0, 0, 0, 25,,,,,5,,0,211,1254,93,,281,3,000097,97,5415,80,,71,746,47,3,57
91WN03548, 91811158,91,81,Z1158,3,00,59,-0-,3,2,8,5,4.0,4,4,3,144,80,8,104,63,658, 0, 0, 0, 0, 31,,,,,5,,0,224,1202,93,,281,3,000097,97,3578,80,,89,910,65,3,69
91WN03549, 91811159,91,81,Z1159,2,00,59,-0-,3,2,8,5,4.0,4,4,3,144,29,0,104,17,228, 0, 0, 0, 0, 17,,,,,5,,0,224,1202,97,,227,3,000097,97,3578,80,,38,,65,7,0
91WN03550, 91811161,91,81,Z1161,3,00,59,-0-,2,2,5,6,3.0,3,3,3,144,80,20,120,48,450, 0, 0, 0, 0, 25,,,,,5,,0,199,1363,93,,281,3,000097,97,5896,80,,66,724,65,3,55
91WN03551, 91811162,91,81,Z1162,3,00,59,-0-,2,2,5,4,3.0,3,3,3,144,80,21,153,68,659, 0, 0, 0, 0, 32,,,,,5,,0,199,1363,93,,281,3,000097,97,5896,80,,94,890,65,3,73
91WN03552, 91811163,91,81,Z1163,2,00,58,-0-,1,1,1,1,4.0,4,4,3,144,81,6,140,72,716, 0, 0, 0, 0, 36,,,,,5,,0,211,1383,93,,281,3,000097,97,4736,80,,100,844,47,3,75
91WN03553, 91811164,91,81,Z1164,2,00,59,-0-,2,2,5,4,3.0,3,3,3,145,28,0,122,28,564, 0, 0, 0, 0, 28,,,,,5,,0,170,1089,10,,224,3,000097,97,5793,80,,80,,65,6,0
91WN03554, 91811165,91,81,Z1165,2,00,59,-0-,2,2,5,6,3.0,3,3,3,145,28,0,102,26,564, 0, 0, 0, 0, 26,,,,,5,,0,170,1089,97,,227,3,000097,97,5793,80,,78,,65,7,0
91WN03555, 91811166,91,81,Z1166,2,00,59,-0-,3,2,8,5,7.0,7,5,3,145,28,0,79,18,361, 0, 0, 0, 0, 18,,,,,5,,0,199,1259,97,,227,3,000097,97,7036,94,,51,,67,7,0
91WN03556, 91811167,91,81,Z1167,2,00,59,-0-,3,2,8,5,7.0,7,5,3,145,81,14,83,41,404, 0, 0, 0, 0, 18,,,,,5,,0,199,1259,93,,281,3,000097,97,7036,94,,57,681,67,3,49
91WN03557, 91811169,91,81,Z1169,3,00,59,-0-,2,1,3,2,4.0,4,4,3,145,28,0,113,32,739, 0, 0, 0, 0, 32,,,,,5,,0,186,952,97,,227,3,000097,97,3507,80,,100,,65,7,0
91WN03558, 91811170,91,81,Z1170,3,00,59,-0-,2,1,3,2,4.0,4,4,3,145,79,17,106,48,473, 0, 0, 0, 0, 20,,,,,5,,0,186,952,93,,281,3,000097,97,3507,80,,67,641,65,3,59
91WN03559, 91811171,91,81,Z1171,2,00,58,-0-,3,2,8,5,4.0,4,4,3,145,80,18,83,55,584, 0, 0, 0, 0, 25,,,,,5,,0,211,1399,93,,281,3,000097,97,4557,80,,78,850,45,3,61
91WN03560, 91811173,91,81,Z1173,3,00,58,-0-,3,2,8,5,4.0,4,4,3,145,80,18,91,55,574, 0, 0, 0, 0, 26,,,,,5,,0,211,1399,93,,281,3,000097,97,4557,80,,78,813,45,3,65
91WN03561, 91811174,91,81,Z1174,2,00,58,-0-,2,2,5,5,4.0,4,4,3,145,80,6,140,51,463, 0, 0, 0, 0, 29,,,,,5,,0,211,1363,93,,281,3,000097,97,5360,80,,70,744,47,3,55
91WN03562, 91811175,91,81,Z1175,3,00,58,-0-,2,2,5,5,4.0,4,4,3,145,80,5,129,51,476, 0, 0, 0, 0, 30,,,,,5,,0,211,1363,93,,281,3,000097,97,5360,80,,70,732,47,3,57
91WN03563, 91811176,91,81,Z1176,3,00,58,-0-,2,2,5,5,4.0,4,4,3,145,79,20,104,44,425, 0, 0, 0, 0, 15,,,,,5,,0,199,1249,10,,228,3,000097,97,5075,80,,61,667,47,6,0
91WN03564, 91811177,91,81,Z1177,3,00,58,-0-,2,2,5,5,4.0,4,4,3,145,79,20,105,53,538, 0, 0, 0, 0, 25,,,,,5,,0,199,1249,93,,281,3,000097,97,5075,80,,75,780,47,3,67
91WN03565, 91811179,91,81,Z1179,2,00,58,-0-,3,1,7,2,4.0,4,4,3,146,80,13,87,61,654, 0, 0, 0, 0, 21,,,,,5,,0,249,1107,93,,281,3,000097,97,4831,80,,87,864,47,3,72
91WN03566, 91811180,91,81,Z1180,2,00,58,-0-,3,2,8,7,4.0,4,4,3,146,80,14,88,45,453, 0, 0, 0, 0, 20,,,,,5,,0,249,1107,93,,281,3,000097,97,4831,80,,63,794,47,3,52
91WN03567, 91811181,91,81,Z1181,3,00,58,-0-,2,2,5,3,7.0,7,5,3,146,27,0,120,21,333, 0, 0, 0, 0, 21,,,,,5,,0,190,1212,10,,228,3,000097,97,7412,94,,52,,47,6,0
91WN03568, 91811182,91,81,Z1182,3,00,59,-0-,2,2,5,5,3.0,3,3,3,146,78,16,111,54,550, 0, 0, 0, 0, 27,,,,,5,,0,213,1510,04,,266,3,000097,97,6561,80,,77,783,67,6,0
91WN03569, 91811183,91,81,Z1183,2,00,59,-0-,2,2,5,5,3.0,3,3,3,146,78,16,111,44,422, 0, 0, 0, 0, 25,,,,,5,,0,213,1510,97,,268,3,000097,97,6561,80,,62,682,67,7,0
91WN03570, 91811184,91,81,Z1184,2,00,58,-0-,1,1,1,1,4.0,4,4,3,147,79,2,142,73,744, 0, 0, 0, 0, 32,,,,,5,,0,186,1330,93,,281,3,000097,97,4089,80,,104,889,47,3,84
91WN03571, 91811185,91,81,Z1185,3,00,59,-0-,2,2,5,5,5.0,5,4,3,146,78,8,134,55,533, 0, 0, 0, 0, 29,,,,,5,,0,166,1128,93,,281,3,000097,97,1154,80,,77,796,65,3,66
91WN03572, 91811186,91,81,Z1186,2,00,59,-0-,2,2,5,5,5.0,5,4,3,146,78,8,134,56,546, 0, 0, 0, 0, 29,,,,,5,,0,166,1128,93,,281,3,000097,97,1154,80,,79,836,65,3,62
91WN03573, 91811187,91,81,Z1187,3,00,59,-0-,1,1,1,1,6.0,6,4,3,146,78,16,164,68,662, 0, 0, 0, 0, 32,,,,,5,,0,185,1208,93,,281,3,000097,97,9175,94,,96,769,65,3,77
91WN03574, 91811188,91,81,Z1188,3,00,58,-0-,3,1,7,2,3.0,3,3,3,147,79,6,124,77,818, 0, 0, 0, 0, 32,,,,,5,,0,227,1282,93,,281,3,000097,97,6733,80,,111,980,45,3,93
91WN03575, 91811191,91,81,Z1191,2,00,58,-0-,1,1,1,1,6.0,6,4,3,147,77,5,128,57,574, 0, 0, 0, 0, 25,,,,,5,,0,195,1217,93,,281,3,000097,97,9423,94,,82,726,47,3,62
91WN03576, 91811192,91,81,Z1192,3,00,59,-0-,2,2,5,5,3.0,3,3,3,147,77,4,129,57,573, 0, 0, 0, 0, 23,,,,,5,,0,184,1290,93,,281,3,000097,97,5818,80,,82,827,67,3,64
91WN03577, 91811193,91,81,Z1193,3,00,59,-0-,2,2,5,5,3.0,3,3,3,147,77,3,122,49,478, 0, 0, 0, 0, 22,,,,,5,,0,184,1290,93,,281,3,000097,97,5818,80,,70,733,67,3,57
91WN03578, 91811194,91,81,Z1194,2,00,59,-0-,1,1,1,1,6.0,6,4,3,147,77,10,125,57,578, 0, 0, 0, 0, 32,,,,,5,,0,155,1100,93,,281,3,000097,97,8581,94,,82,724,67,3,70
91WN03579, 91811195,91,81,Z1195,3,00,58,-0-,2,2,5,5,5.0,5,4,3,148,25,0,116,21,376, 0, 0, 0, 0, 21,,,,,5,,0,177,1150,97,,227,3,000097,97,1869,80,,57,,47,7,0
91WN03580, 91811196,91,81,Z1196,2,00,58,-0-,2,2,5,5,5.0,5,4,3,148,77,5,126,59,603, 0, 0, 0, 0, 29,,,,,5,,0,177,1150,93,,281,3,000097,97,1869,80,,85,903,47,3,59
91WN03581, 91811197,91,81,Z1197,2,00,58,-0-,2,2,5,3,4.0,4,4,3,148,77,7,119,50,495, 0, 0, 0, 0, 26,,,,,5,,0,211,1429,93,,281,3,000097,97,4267,80,,71,769,45,3,58
91WN03582, 91811198,91,81,Z1198,3,00,58,-0-,2,2,5,7,4.0,4,4,3,148,77,7,75,50,552, 0, 0, 0, 0, 21,,,,,5,,0,211,1429,93,,281,3,000097,97,4267,80,,74,879,45,3,42
91WN03583, 91811199,91,81,Z1199,3,00,58,-0-,3,2,8,5,5.0,5,4,3,148,78,5,123,58,586, 0, 0, 0, 0, 26,,,,,5,,0,210,1380,97,,268,3,000097,97,2027,80,,83,853,47,7,0
91WN03584, 91811201,91,81,Z1201,2,00,58,-0-,3,2,8,5,5.0,5,4,3,148,78,6,117,57,581, 0, 0, 0, 0, 28,,,,,5,,0,210,1380,93,,281,3,000097,97,2027,80,,81,874,47,3,73
91WN03585, 91811202,91,81,Z1202,3,00,59,-0-,1,1,1,1,4.0,4,4,3,148,77,18,143,73,762, 0, 0, 0, 0, 30,,,,,5,,0,161,1064,93,,281,3,000097,97,3868,80,,106,872,65,3,89
91WN03586, 91811203,91,81,Z1203,3,00,59,-0-,3,2,8,7,3.0,3,3,3,149,76,11,78,42,450, 0, 0, 0, 0, 17,,,,,5,,0,199,1107,93,,281,3,000097,97,5987,80,,62,758,67,3,48
91WN03587, 91811204,91,81,Z1204,3,00,59,-0-,3,2,8,3,3.0,3,3,3,149,76,15,111,52,538, 0, 0, 0, 0, 24,,,,,5,,0,199,1107,97,,268,3,000097,97,5987,80,,76,799,67,7,0
91WN03588, 91811206,91,81,Z1206,2,00,58,-0-,3,1,7,2,5.0,5,4,3,149,77,10,77,47,510, 0, 0, 0, 0, 20,,,,,5,,0,210,1203,93,,281,3,000097,97,2641,80,,69,740,45,3,60
91WN03589, 91811207,91,81,Z1207,3,00,58,-0-,2,1,3,2,4.0,4,4,3,149,76,14,96,55,597, 0, 0, 0, 0, 23,,,,,5,,0,199,1179,93,,281,3,000097,97,4598,80,,81,786,47,3,63
91WN03590, 91811208,91,81,Z1208,2,00,58,-0-,2,2,5,5,5.0,5,4,3,149,76,14,103,54,575, 0, 0, 0, 0, 23,,,,,5,,0,210,1282,97,,268,3,000097,97,1907,80,,79,869,45,7,0
91WN03591, 91811209,91,81,Z1209,2,00,58,-0-,2,2,5,5,5.0,5,4,3,149,24,0,112,24,533, 0, 0, 0, 0, 24,,,,,5,,0,210,1282,97,,227,3,000097,97,1907,80,,75,,45,7,0
91WN03592, 91811211,91,81,Z1211,2,00,59,-0-,2,1,3,2,7.0,7,5,3,149,75,21,93,57,636, 0, 0, 0, 0, 22,,,,,5,,0,190,1185,93,,281,3,000097,97,7133,94,,86,875,65,3,59
91WN03593, 91811214,91,81,Z1214,2,00,59,-0-,2,2,5,7,4.0,4,4,3,149,75,16,83,45,489, 0, 0, 0, 0, 19,,,,,5,,0,161,1070,97,,268,3,000097,97,3836,80,,67,856,67,7,0
91WN03594, 91811215,91,81,Z1215,3,00,59,-0-,2,2,5,3,4.0,4,4,3,149,75,16,120,52,533, 0, 0, 0, 0, 23,,,,,5,,0,161,1070,93,,281,3,000097,97,3836,80,,76,818,67,3,62
91WN03595, 91811216,91,81,Z1216,2,00,59,-0-,2,1,3,2,4.0,4,4,3,149,77,13,107,62,666, 0, 0, 0, 0, 25,,,,,5,,0,199,1271,93,,281,3,000097,97,3718,80,,91,892,65,3,63
91WN03596, 91811217,91,81,Z1217,3,00,59,-0-,2,1,3,2,4.0,4,4,3,149,24,0,137,25,471, 0, 0, 0, 0, 25,,,,,5,,0,211,1290,97,,227,3,000097,97,3588,80,,70,,67,7,0
91WN03597, 91811219,91,81,Z1219,3,00,58,-0-,1,1,1,1,3.0,3,3,3,150,23,0,82,15,296, 0, 0, 0, 0, 15,,,,,5,,0,156,809,97,,227,3,000097,97,6423,80,,44,,47,7,0
91WN03598, 91811220,91,81,Z1220,2,00,58,-0-,2,2,5,5,5.0,5,4,3,150,74,4,140,60,622, 0, 0, 0, 0, 25,,,,,5,,0,199,1328,93,,281,3,000097,97,2742,80,,89,940,47,3,68
91WN03599, 91811221,91,81,Z1221,3,00,58,-0-,2,2,5,5,5.0,5,4,3,150,74,4,148,42,368, 0, 0, 0, 0, 24,,,,,5,,0,199,1328,93,,281,3,000097,97,2742,80,,59,659,47,3,47
91WN03600, 91811222,91,81,Z1222,3,00,58,-0-,2,2,5,5,3.0,3,3,3,150,75,13,121,56,585, 0, 0, 0, 0, 26,,,,,5,,0,199,1418,93,,281,3,000097,97,7755,80,,82,839,47,3,62
91WN03601, 91811223,91,81,Z1223,3,00,58,-0-,2,2,5,5,3.0,3,3,3,150,75,14,104,48,501, 0, 0, 0, 0, 23,,,,,5,,0,199,1418,93,,281,3,000097,97,7755,80,,71,753,47,3,61
91WN03602, 91811224,91,81,Z1224,2,00,59,-0-,2,2,5,5,4.0,4,4,3,150,23,0,101,18,343, 0, 0, 0, 0, 18,,,,,5,,0,249,1108,97,,227,3,000097,97,3834,80,,51,,67,7,0
91WN03603, 91811225,91,81,Z1225,3,00,59,-0-,2,2,5,5,4.0,4,4,3,150,23,0,110,21,435, 0, 0, 0, 0, 21,,,,,5,,0,249,1108,10,,217,3,000097,97,3834,80,,63,,67,6,0
91WN03604, 91811228,91,81,Z1228,2,00,58,-0-,4,2,0,5,5.0,5,4,3,150,74,20,91,41,431, 0, 0, 0, 0, 15,,,,,5,,0,254,1270,93,,281,3,000097,97,2173,80,,61,729,47,3,45
91WN03605, 91811229,91,81,Z1229,2,00,58,-0-,4,2,0,5,5.0,5,4,3,150,74,20,93,48,523, 0, 0, 0, 0, 20,,,,,5,,0,254,1270,93,,281,3,000097,97,2173,80,,72,821,47,3,51
91WN03606, 91811230,91,81,Z1230,2,00,58,-0-,2,2,5,6,3.0,3,3,3,150,75,1,101,46,479, 0, 0, 0, 0, 22,,,,,5,,0,199,1277,93,,281,3,000097,97,7196,80,,68,845,47,3,55
91WN03607, 91811231,91,81,Z1231,3,00,58,-0-,2,2,5,4,3.0,3,3,3,150,75,1,134,52,515, 0, 0, 0, 0, 25,,,,,5,,0,199,1277,93,,281,3,000097,97,7196,80,,75,799,47,3,56
91WN03608, 91811232,91,81,Z1232,3,00,59,-0-,2,2,5,5,4.0,4,4,3,151,74,7,118,49,503, 0, 0, 0, 0, 23,,,,,5,,0,199,1405,97,,268,3,000097,97,3753,80,,72,790,65,7,0
91WN03609, 91811233,91,81,Z1233,2,00,59,-0-,2,2,5,5,4.0,4,4,3,151,22,0,126,24,518, 0, 0, 0, 0, 24,,,,,5,,0,199,1405,97,,227,3,000097,97,3753,80,,75,,65,7,0
91WN03610, 91811234,91,81,Z1234,3,00,58,-0-,2,2,5,5,3.0,3,3,3,151,73,19,128,52,537, 0, 0, 0, 0, 23,,,,,5,,0,227,1386,93,,281,3,000097,97,6963,80,,77,794,47,3,68
91WN03611, 91811235,91,81,Z1235,2,00,58,-0-,2,2,5,5,3.0,3,3,3,151,22,0,110,21,455, 0, 0, 0, 0, 21,,,,,5,,0,227,1386,97,,227,3,000097,97,6963,80,,66,,47,7,0
91WN03612, 91811236,91,81,Z1236,2,00,59,-0-,2,2,5,5,5.0,5,4,3,151,22,,93,11,77, 0, 0, 0, 0, 11,,,,,5,,0,188,1175,01,,200,3,000097,97,1304,80,,19,,67,6,0
91WN03613, 91811237,91,81,Z1237,2,00,59,-0-,2,2,5,5,5.0,5,4,3,151,73,15,85,38,404, 0, 0, 0, 0, 20,,,,,5,,0,188,1175,10,,253,3,000097,97,1304,80,,57,713,67,6,0
91WN03614, 91811238,91,81,Z1238,3,00,58,-0-,2,2,5,5,4.0,4,4,3,151,74,1,99,36,353, 0, 0, 0, 0, 15,,,,,5,,0,211,1224,97,,268,3,000097,97,4508,80,,52,647,45,7,0
91WN03615, 91811239,91,81,Z1239,2,00,58,-0-,2,2,5,5,4.0,4,4,3,151,74,1,102,45,470, 0, 0, 0, 0, 20,,,,,5,,0,211,1224,93,,281,3,000097,97,4508,80,,67,791,45,3,48
91WN03616, 91811240,91,81,Z1240,3,00,58,-0-,2,1,3,2,3.0,3,3,3,151,75,6,112,60,651, 0, 0, 0, 0, 25,,,,,5,,0,213,1021,97,,268,3,000097,97,6799,80,,89,835,47,7,0
91WN03617, 91811242,91,81,Z1242,2,00,59,-0-,2,2,5,5,3.0,3,3,3,151,22,0,108,22,509, 0, 0, 0, 0, 22,,,,,5,,0,199,1365,97,,227,3,000097,97,6181,80,,72,,65,7,0
91WN03618, 91811243,91,81,Z1243,2,00,59,-0-,2,2,5,5,3.0,3,3,3,151,74,19,106,59,654, 0, 0, 0, 0, 19,,,,,5,,0,199,1365,93,,281,3,000097,97,6181,80,,89,933,65,3,68
91WN03619, 91811244,91,81,Z1244,3,00,59,-0-,2,2,5,5,7.0,7,5,3,152,21,0,119,19,338, 0, 0, 0, 0, 19,,,,,5,,0,199,1511,97,,227,3,000097,97,7595,94,,52,,65,7,0
91WN03620, 91811245,91,81,Z1245,2,00,59,-0-,2,2,5,5,7.0,7,5,3,152,74,5,104,51,549, 0, 0, 0, 0, 19,,,,,5,,0,199,1511,97,,268,3,000097,97,7595,94,,76,877,65,7,0
91WN03621, 91811246,91,81,Z1246,2,00,59,-0-,1,1,1,1,3.0,3,3,3,152,73,6,124,65,721, 0, 0, 0, 0, 28,,,,,5,,0,184,1264,93,,281,3,000097,97,5908,80,,99,874,67,3,66
91WN03622, 91811247,91,81,Z1247,2,00,58,-0-,2,2,5,5,5.0,5,4,3,152,21,0,103,21,510, 0, 0, 0, 0, 21,,,,,5,,0,210,1224,97,,227,3,000097,97,2459,80,,71,,45,7,0
91WN03623, 91811248,91,81,Z1248,2,00,58,-0-,2,2,5,5,5.0,5,4,3,152,21,0,112,24,610, 0, 0, 0, 0, 24,,,,,5,,0,210,1224,97,,227,3,000097,97,2459,80,,84,,45,7,0
91WN03624, 91811249,91,81,Z1249,3,00,58,-0-,2,2,5,5,4.0,4,4,3,152,74,14,89,47,515, 0, 0, 0, 0, 17,,,,,5,,0,199,1217,93,,281,3,000097,97,4828,80,,71,793,47,3,50
91WN03625, 91811250,91,81,Z1250,2,00,58,-0-,2,2,5,5,4.0,4,4,3,152,74,14,101,42,431, 0, 0, 0, 0, 19,,,,,5,,0,199,1217,93,,281,3,000097,97,4828,80,,62,736,47,3,52
91WN03626, 91811251,91,81,Z1251,2,00,58,-0-,2,2,5,5,4.0,4,4,3,152,21,0,128,26,629, 0, 0, 0, 0, 26,,,,,5,,0,199,1249,10,,217,3,000097,97,4486,80,,88,,47,6,0
91WN03627, 91811252,91,81,Z1252,2,00,58,-0-,2,2,5,5,4.0,4,4,3,152,21,0,112,22,514, 0, 0, 0, 0, 22,,,,,5,,0,199,1249,97,,227,3,000097,97,4486,80,,73,,47,7,0
91WN03628, 91811253,91,81,Z1253,3,00,58,-0-,2,1,3,2,4.0,4,4,3,152,74,14,127,73,815, 0, 0, 0, 0, 30,,,,,5,,0,199,1262,93,,281,3,000097,97,5219,80,,110,999,47,3,74
91WN03629, 91811255,91,81,Z1255,3,00,58,-0-,2,2,5,5,3.0,3,3,3,152,73,5,131,49,492, 0, 0, 0, 0, 25,,,,,5,,0,241,1369,93,,281,3,000097,97,7867,80,,72,767,45,3,52
91WN03630, 91811256,91,81,Z1256,2,00,58,-0-,2,2,5,5,3.0,3,3,3,152,73,6,123,47,475, 0, 0, 0, 0, 21,,,,,5,,0,241,1369,93,,281,3,000097,97,7867,80,,69,776,45,3,50
91WN03631, 91811257,91,81,Z1257,2,00,58,-0-,2,2,5,6,4.0,4,4,3,152,72,14,98,51,572, 0, 0, 0, 0, 20,,,,,5,,0,186,1312,93,,281,3,000097,97,4708,80,,78,958,47,3,59
91WN03632, 91811258,91,81,Z1258,3,00,58,-0-,2,2,5,4,4.0,4,4,3,152,72,15,121,50,526, 0, 0, 0, 0, 23,,,,,5,,0,186,1312,10,,255,3,000097,97,4708,80,,75,829,47,6,0
91WN03633, 91811259,91,81,Z1259,3,00,58,-0-,3,2,8,6,6.0,6,4,3,153,73,10,76,59,704, 0, 0, 0, 0, 18,,,,,5,,0,195,1373,93,,281,3,000097,97,9849,94,,92,999,45,3,76
91WN03634, 91811261,91,81,Z1261,2,00,58,-0-,3,2,8,4,6.0,6,4,3,153,20,0,95,22,625, 0, 0, 0, 0, 22,,,,,5,,0,195,1373,97,,227,3,000097,97,9849,94,,85,,45,7,0
91WN03635, 91811263,91,81,Z1263,2,00,58,-0-,2,1,3,2,6.0,6,4,3,153,71,3,115,60,683, 0, 0, 0, 0, 22,,,,,5,,0,215,1398,93,,281,3,000097,97,0613,80,,93,956,47,3,73
91WN03636, 91811264,91,81,Z1264,3,00,58,-0-,3,3,9,8,6.0,6,4,3,153,72,1,85,33,340, 0, 0, 0, 0, 15,,,,,5,,0,215,1533,93,,322,3,000097,97,9259,94,,49,703,45,3,41
91WN03637, 91811265,91,81,Z1265,3,00,58,-0-,3,3,9,8,6.0,6,4,3,153,72,1,96,42,450, 0, 0, 0, 0, 20,,,,,5,,0,215,1533,93,,281,3,000097,97,9259,94,,64,813,45,3,52
91WN03638, 91811266,91,81,Z1266,3,00,58,-0-,3,3,9,8,6.0,6,4,3,153,72,1,84,40,439, 0, 0, 0, 0, 18,,,,,5,,0,215,1533,93,,281,3,000097,97,9259,94,,61,802,45,3,43
91WN03639, 91811268,91,81,Z1268,2,00,58,-0-,3,2,8,5,7.0,7,5,3,153,73,10,91,42,451, 0, 0, 0, 0, 18,,,,,5,,0,245,1324,93,,281,3,000097,97,7202,94,,63,778,45,3,47
91WN03640, 91811269,91,81,Z1269,3,00,58,-0-,3,2,8,5,7.0,7,5,3,153,73,10,91,44,478, 0, 0, 0, 0, 19,,,,,5,,0,245,1324,93,,281,3,000097,97,7202,94,,66,778,45,3,47
91WN03641, 91811270,91,81,Z1270,2,00,58,-0-,1,1,1,1,3.0,3,3,3,154,70,21,105,62,736, 0, 0, 0, 0, 20,,,,,5,,0,170,1121,93,,281,3,000097,97,7572,80,,99,887,45,3,70
91WN03642, 91811271,91,81,Z1271,3,00,59,-0-,3,3,9,8,5.0,5,4,3,154,71,1,138,51,524, 0, 0, 0, 0, 25,,,,,5,,0,221,1645,93,,281,3,000097,97,1056,80,,77,893,65,3,55
91WN03643, 91811272,91,81,Z1272,2,00,59,-0-,3,3,9,8,5.0,5,4,3,154,71,1,94,32,318, 0, 0, 0, 0, 16,,,,,5,,0,221,1645,97,,268,3,000097,97,1056,80,,48,726,65,7,0
91WN03644, 91811273,91,81,Z1273,2,00,59,-0-,3,3,9,8,5.0,5,4,3,154,71,1,74,38,431, 0, 0, 0, 0, 13,,,,,5,,0,221,1645,93,,281,3,000097,97,1056,80,,59,839,65,3,39
91WN03645, 91811274,91,81,Z1274,3,00,59,-0-,1,1,1,1,3.0,3,3,3,154,72,6,130,73,833, 0, 0, 0, 0, 26,,,,,5,,0,213,989,93,,281,3,000097,97,5698,80,,113,966,67,3,89
91WN03646, 91811275,91,81,Z1275,3,00,59,-0-,1,1,1,1,5.0,5,4,3,154,72,6,152,72,789, 0, 0, 0, 0, 26,,,,,5,,0,177,1026,93,,281,3,000097,97,1577,80,,110,942,67,3,81
91WN03647, 91811278,91,81,Z1278,3,00,58,-0-,2,2,5,5,4.0,4,4,3,154,71,19,136,56,597, 0, 0, 0, 0, 22,,,,,5,,0,211,1627,93,,281,3,000097,97,4683,80,,85,886,47,3,61
91WN03648, 91811279,91,81,Z1279,2,00,58,-0-,2,2,5,5,4.0,4,4,3,154,71,19,124,58,642, 0, 0, 0, 0, 27,,,,,5,,0,211,1627,93,,281,3,000097,97,4683,80,,89,958,47,3,69
91WN03649, 91811280,91,81,Z1280,3,00,58,-0-,2,2,5,5,3.0,3,3,3,155,71,2,123,57,630, 0, 0, 0, 0, 22,,,,,5,,0,184,1286,93,,281,3,000097,97,7800,80,,88,920,47,3,62
91WN03650, 91811281,91,81,Z1281,2,00,58,-0-,2,2,5,5,3.0,3,3,3,155,71,1,129,60,663, 0, 0, 0, 0, 25,,,,,5,,0,184,1286,93,,281,3,000097,97,7800,80,,93,981,47,3,68
91WN03651, 91811282,91,81,Z1282,2,00,59,-0-,3,2,8,5,3.0,3,3,3,157,67,8,107,38,407, 0, 0, 0, 0, 22,,,,,5,,0,241,1388,93,,281,3,000097,97,5883,80,,60,739,65,3,47
91WN03652, 91811283,91,81,Z1283,3,00,59,-0-,3,2,8,5,3.0,3,3,3,157,67,8,105,38,410, 0, 0, 0, 0, 23,,,,,5,,0,241,1388,93,,281,3,000097,97,5883,80,,60,715,65,3,45
91WN03653, 91810582,91,81,Z0582,1,97,97,297,2,1,3,2,3.0,3,3,4,94,118,1,119,95,704,3, 0, 0, 0,  0,,,,2,6,1,0,133,1127,,,,4,422480,80,6273,80,,96,,97,1,
